# Time (seconds),f0,f1,f2
0.0099999,3.677734375,1.528564453125,-0.434814453125
0.029999900000000003,3.66357421875,1.470947265625,-0.48583984375
0.0499999,3.631103515625,1.44775390625,-0.521484375
0.0699999,3.590576171875,1.470458984375,-0.545654296875
0.08999990000000001,3.5673828125,1.494384765625,-0.56005859375
0.10999990000000001,3.568115234375,1.47265625,-0.55419921875
0.1299999,3.57177734375,1.421875,-0.53759765625
0.14999990000000002,3.568115234375,1.382568359375,-0.522705078125
0.1699999,3.567626953125,1.386474609375,-0.524169921875
0.1899999,3.566162109375,1.410888671875,-0.546875
0.20999990000000002,3.562255859375,1.430908203125,-0.5703125
0.2299999,3.575439453125,1.470703125,-0.560302734375
0.2499999,3.617431640625,1.525634765625,-0.518798828125
0.2699999,3.6884765625,1.557861328125,-0.4951171875
0.28999990000000003,3.765380859375,1.55908203125,-0.51123046875
0.3099999,3.81689453125,1.54638671875,-0.549072265625
0.3299999,3.824462890625,1.54052734375,-0.580078125
0.34999990000000003,3.79833984375,1.53271484375,-0.595947265625
0.3699999,3.775146484375,1.50439453125,-0.60400390625
0.3899999,3.75927734375,1.466796875,-0.604736328125
0.40999990000000003,3.72021484375,1.447021484375,-0.62109375
0.4299999,3.571533203125,1.50048828125,-0.721923828125
0.4499999,3.50341796875,1.53955078125,-0.7724609375
0.4699999,3.348876953125,1.619140625,-0.8876953125
0.4899999,3.18798828125,1.675537109375,-1.020263671875
0.5099999,3.012451171875,1.698486328125,-1.188720703125
0.5299999,2.786865234375,1.709228515625,-1.4072265625
0.5499999,2.49267578125,1.740966796875,-1.636474609375
0.5699999,2.16943359375,1.74169921875,-1.760986328125
0.5899998999999999,1.864501953125,1.5908203125,-1.710693359375
0.6099998999999999,1.588134765625,1.251953125,-1.5234375
0.6299999,1.28515625,0.817138671875,-1.239990234375
0.6499999,0.869140625,0.43359375,-0.8876953125
0.6699999,0.337890625,0.180419921875,-0.50634765625
0.6899999,-0.208251953125,-0.05322265625,-0.078125
0.7099999,-0.619384765625,-0.461669921875,0.451416015625
0.7299998999999999,-0.78173828125,-1.121337890625,1.039306640625
0.7499998999999999,-0.708984375,-2.102294921875,1.782470703125
0.7699999,-0.730712890625,-2.305908203125,1.987548828125
0.7899999,-0.915771484375,-2.599853515625,2.52392578125
0.8099999,-1.250244140625,-3.01806640625,3.99951171875
0.8299999,-1.301025390625,-3.192138671875,4.66943359375
0.8499998999999999,-1.2578125,-3.7841796875,6.81298828125
0.8699998999999999,-1.11767578125,-4.06640625,7.611328125
0.8899999,-1.065185546875,-4.196044921875,7.641357421875
0.9099999,-1.073486328125,-4.473388671875,6.592041015625
0.9299999,-1.103515625,-4.4873046875,6.164306640625
0.9499999,-0.9833984375,-4.2548828125,5.569580078125
0.9699998999999999,-0.805908203125,-4.010009765625,5.478759765625
0.9899998999999999,-0.741455078125,-3.952392578125,5.384765625
1.0099999,-0.6376953125,-3.975341796875,5.06787109375
1.0299999,-0.407958984375,-3.9375,4.569580078125
1.0499999,-0.321533203125,-3.835693359375,4.417724609375
1.0699999,-0.20947265625,-3.3759765625,3.8984375
1.0899999,-0.25927734375,-3.082763671875,3.598388671875
1.1099999,-0.359375,-2.90966796875,3.416259765625
1.1299999,-0.385986328125,-2.847412109375,3.338134765625
1.1499999,-0.3076171875,-2.83642578125,3.282958984375
1.1699998999999999,-0.225341796875,-2.835693359375,3.146240234375
1.1899998999999999,-0.240234375,-2.80029296875,2.919921875
1.2099999,-0.342529296875,-2.700439453125,2.69970703125
1.2299999,-0.42333984375,-2.595458984375,2.6044921875
1.2499999,-0.427734375,-2.563720703125,2.6435546875
1.2699999,-0.38720703125,-2.59716796875,2.684326171875
1.2899999,-0.353271484375,-2.646484375,2.61083984375
1.3099999,-0.334228515625,-2.69580078125,2.46435546875
1.3299999,-0.313232421875,-2.740966796875,2.371826171875
1.3499999,-0.271728515625,-2.762939453125,2.384521484375
1.3699999,-0.21728515625,-2.713623046875,2.47314453125
1.3899999,-0.211669921875,-2.680419921875,2.49267578125
1.4099999,-0.199462890625,-2.63427734375,2.536376953125
1.4299998999999999,-0.15087890625,-2.645751953125,2.61865234375
1.4499999,-0.077880859375,-2.6787109375,2.729736328125
1.4699999,-0.04296875,-2.6767578125,2.821533203125
1.4899999,-0.06396484375,-2.639404296875,2.879150390625
1.5099999,-0.097900390625,-2.632080078125,2.929443359375
1.5299999,-0.09912109375,-2.69921875,3.005126953125
1.5499999,-0.055419921875,-2.790283203125,3.119873046875
1.5699999,0.016845703125,-2.836181640625,3.236572265625
1.5899999,0.06787109375,-2.824951171875,3.294921875
1.6099999,0.09375,-2.813720703125,3.341552734375
1.6299999,0.14990234375,-2.817138671875,3.513427734375
1.6499999,0.273681640625,-2.814453125,3.847900390625
1.6699999,0.457275390625,-2.861572265625,4.25634765625
1.6899998999999999,0.635498046875,-3.023193359375,4.69580078125
1.7099999,0.813232421875,-3.349609375,5.329833984375
1.7299999,0.9970703125,-3.79150390625,6.31396484375
1.7499999,1.11328125,-4.189208984375,7.368408203125
1.7699999,1.065185546875,-4.421630859375,7.951416015625
1.7899999,0.853515625,-4.4423828125,7.878173828125
1.8099999,0.67236328125,-4.33349609375,7.502197265625
1.8299999,0.558349609375,-4.1611328125,7.190673828125
1.8499999,0.30322265625,-3.9443359375,6.809326171875
1.8699999,-0.322998046875,-3.4326171875,5.123291015625
1.8899999,-0.449951171875,-2.85693359375,3.376708984375
1.9099999,-0.368408203125,-2.52099609375,2.5419921875
1.9299998999999999,-0.03759765625,-1.8583984375,1.17041015625
1.9499999,0.30517578125,-1.27392578125,0.219970703125
1.9699999,0.52880859375,-0.7509765625,-0.461181640625
1.9899999,0.660400390625,-0.317138671875,-1.0625
2.0099999,0.8037109375,-0.003173828125,-1.60888671875
2.0299999,1.0166015625,0.274169921875,-1.94384765625
2.0499999,1.25244140625,0.59375,-1.96435546875
2.0699999,1.445068359375,1.060302734375,-1.632568359375
2.0899999,1.441650390625,1.320068359375,-1.526123046875
2.1099999,1.423095703125,1.4453125,-1.57470703125
2.1299999,1.4619140625,1.825439453125,-2.00732421875
2.1499999,1.601806640625,2.048583984375,-2.20068359375
2.1699999,1.77783203125,2.20703125,-2.146484375
2.1899999,1.930908203125,2.2763671875,-1.97314453125
2.2099999,2.072021484375,2.29248046875,-1.828857421875
2.2299999,2.218505859375,2.302001953125,-1.748046875
2.2499999,2.35986328125,2.33154296875,-1.70263671875
2.2699999,2.491455078125,2.359375,-1.6572265625
2.2899999,2.61279296875,2.345458984375,-1.587890625
2.3099999,2.717529296875,2.306640625,-1.559814453125
2.3299999,2.781005859375,2.31689453125,-1.6416015625
2.3499999,2.79296875,2.40185546875,-1.753173828125
2.3699999,2.78271484375,2.490966796875,-1.80419921875
2.3899999,2.781494140625,2.516845703125,-1.81689453125
2.4099999,2.784423828125,2.477783203125,-1.85205078125
2.4299999,2.7734375,2.411376953125,-1.92138671875
2.4499999,2.74658203125,2.3505859375,-1.992431640625
2.4699999,2.71630859375,2.311279296875,-2.0263671875
2.4899999,2.695556640625,2.295654296875,-2.000244140625
2.5099999,2.680419921875,2.317626953125,-1.917236328125
2.5299999,2.6455078125,2.372314453125,-1.82421875
2.5499999,2.575927734375,2.4091796875,-1.781494140625
2.5699999,2.48828125,2.376953125,-1.804931640625
2.5899999,2.40283203125,2.30859375,-1.863525390625
2.6099999,2.308349609375,2.2958984375,-1.9326171875
2.6299999,2.18359375,2.375,-2.043212890625
2.6499999,2.021484375,2.5283203125,-2.253173828125
2.6699999,1.82275390625,2.7275390625,-2.526123046875
2.6899999,1.6455078125,2.867431640625,-2.671630859375
2.7099999,1.572265625,2.8291015625,-2.569580078125
2.7299999,1.60546875,2.645263671875,-2.332275390625
2.7499999,1.655517578125,2.46044921875,-2.152099609375
2.7699999,1.6357421875,2.33642578125,-2.095703125
2.7899999,1.536865234375,2.2275390625,-2.032958984375
2.8099999,1.40087890625,2.05078125,-1.754638671875
2.8299999,1.248779296875,1.74755859375,-1.2314453125
2.8499999,1.059814453125,1.374755859375,-0.656982421875
2.8699999,0.87109375,0.958984375,-0.154541015625
2.8899999,0.708251953125,0.06787109375,0.514404296875
2.9099999,0.723876953125,-0.32861328125,0.76904296875
2.9299999,0.883056640625,-1.131103515625,1.3935546875
2.9499999,0.95068359375,-1.593017578125,2.087158203125
2.9699999,0.627685546875,-1.518798828125,2.685302734375
2.9899999,0.104248046875,-1.346923828125,3.143798828125
3.0099999,0.10693359375,-2.03173828125,3.958984375
3.0299999,0.355712890625,-2.361083984375,4.239501953125
3.0499999,0.779296875,-2.72705078125,4.68994140625
3.0699999,0.77783203125,-2.59619140625,4.786376953125
3.0899999,0.167236328125,-2.226318359375,4.427978515625
3.1099999,-0.164306640625,-2.414794921875,4.119140625
3.1299999,-0.261962890625,-2.956787109375,3.939453125
3.1499999,-0.325927734375,-3.48388671875,3.830810546875
3.1699999,-0.48095703125,-3.72900390625,3.750244140625
3.1899999,-0.619384765625,-3.736328125,3.7451171875
3.2099999,-1.330810546875,-3.6640625,4.02734375
3.2299999,-1.690185546875,-3.890625,4.473388671875
3.2499999,-1.740234375,-4.31103515625,4.900146484375
3.2699999,-1.61865234375,-4.575439453125,5.131591796875
3.2899999,-1.5078125,-4.39501953125,5.162841796875
3.3099999,-1.5400390625,-3.874267578125,4.972412109375
3.3299999000000002,-1.740966796875,-3.40478515625,4.542236328125
3.3499999,-1.86083984375,-3.23388671875,4.085205078125
3.3699999,-1.512451171875,-3.309326171875,4.6064453125
3.3899999,-1.221923828125,-3.347900390625,5.43310546875
3.4099999,-1.50732421875,-3.16748046875,4.578369140625
3.4299999,-1.838134765625,-2.903564453125,2.75244140625
3.4499999,-1.809326171875,-2.725830078125,1.819091796875
3.4699999,-1.4912109375,-2.63671875,2.164306640625
3.4899999,-1.193603515625,-2.60546875,2.919677734375
3.5099999,-1.134033203125,-2.618896484375,3.2021484375
3.5299999,-1.324951171875,-2.624755859375,2.853759765625
3.5499999,-1.6103515625,-2.582275390625,2.271484375
3.5699999,-1.79248046875,-2.510009765625,1.856201171875
3.5899999,-1.7919921875,-2.478515625,1.740234375
3.6099999,-1.690185546875,-2.548828125,1.818359375
3.6299999,-1.590576171875,-2.687744140625,1.9091796875
3.6499999,-1.534912109375,-2.794921875,1.942138671875
3.6699999,-1.52587890625,-2.817626953125,1.966064453125
3.6899999,-1.537353515625,-2.785400390625,2.035888671875
3.7099999,-1.53369140625,-2.749267578125,2.17236328125
3.7299999,-1.504150390625,-2.781494140625,2.38037109375
3.7499999,-1.43212890625,-2.93212890625,2.666259765625
3.7699999,-1.344970703125,-3.1328125,2.994873046875
3.7899999,-1.28125,-3.322509765625,3.32958984375
3.8099999,-1.2314453125,-3.518310546875,3.7294921875
3.8299999000000002,-1.25732421875,-3.678466796875,4.281005859375
3.8499999,-1.435302734375,-3.772705078125,4.98388671875
3.8699999,-1.660888671875,-3.919677734375,5.68701171875
3.8899999,-1.79052734375,-4.205078125,6.144287109375
3.9099999,-1.856689453125,-4.480224609375,6.224609375
3.9299999,-1.90283203125,-4.58447265625,6.1171875
3.9499999,-1.899169921875,-4.5048828125,6.172607421875
3.9699999,-1.8134765625,-4.35693359375,6.490234375
3.9899999,-1.654052734375,-4.3076171875,6.83740234375
4.0099999,-1.61083984375,-4.3232421875,6.891845703125
4.029999900000001,-2.0703125,-3.9658203125,5.974365234375
4.0499999,-2.292724609375,-3.404052734375,4.6474609375
4.069999900000001,-2.202880859375,-3.120849609375,3.84619140625
4.0899999000000005,-1.62060546875,-2.67724609375,2.232177734375
4.1099999,-0.8779296875,-2.187255859375,0.888916015625
4.1299999000000005,-0.3115234375,-1.51611328125,-0.062744140625
4.1499999,-0.035888671875,-0.847412109375,-0.750244140625
4.1699999000000005,0.13623046875,-0.0771484375,-1.7734375
4.1899999,0.485595703125,0.314208984375,-2.45654296875
4.209999900000001,0.69140625,0.48681640625,-2.679931640625
4.2299999,1.115478515625,1.01416015625,-2.6796875
4.249999900000001,1.292724609375,1.380126953125,-2.328857421875
4.2699999,1.47607421875,1.693603515625,-2.03564453125
4.289999900000001,1.6533203125,1.897216796875,-1.942138671875
4.3099999,1.781494140625,1.993896484375,-1.983642578125
4.329999900000001,1.86474609375,2.091064453125,-2.095458984375
4.3499999,1.95458984375,2.23828125,-2.207763671875
4.369999900000001,2.0888671875,2.33154296875,-2.212158203125
4.3899999,2.2490234375,2.26171875,-2.08935546875
4.409999900000001,2.384521484375,2.08984375,-1.9423828125
4.4299999,2.455078125,1.979248046875,-1.888916015625
4.449999900000001,2.466064453125,1.986328125,-1.99267578125
4.4699999,2.439697265625,2.072021484375,-2.193115234375
4.489999900000001,2.408447265625,2.173095703125,-2.349609375
4.5099999,2.4208984375,2.21337890625,-2.414794921875
4.529999900000001,2.483154296875,2.167724609375,-2.43017578125
4.5499999,2.554443359375,2.103271484375,-2.414794921875
4.569999900000001,2.59375,2.1083984375,-2.39306640625
4.5899999000000005,2.587890625,2.198486328125,-2.3916015625
4.609999900000001,2.562255859375,2.293701171875,-2.37646484375
4.6299999000000005,2.558349609375,2.2958984375,-2.29541015625
4.6499999,2.593505859375,2.201416015625,-2.154052734375
4.6699999000000005,2.627685546875,2.0966796875,-2.006591796875
4.6899999,2.603271484375,2.039306640625,-1.918701171875
4.709999900000001,2.507080078125,2.02099609375,-1.923095703125
4.7299999,2.362060546875,2.01416015625,-1.99658203125
4.749999900000001,2.2021484375,1.9912109375,-2.09814453125
4.7699999,2.07373046875,1.931884765625,-2.1796875
4.789999900000001,2.007080078125,1.84716796875,-2.202880859375
4.8099999,1.9873046875,1.79296875,-2.17431640625
4.829999900000001,1.9658203125,1.84033203125,-2.151611328125
4.8499999,1.845947265625,2.072998046875,-2.20361328125
4.869999900000001,1.787841796875,2.135498046875,-2.212158203125
4.8899999,1.6982421875,2.15087890625,-2.16259765625
4.909999900000001,1.665771484375,2.002197265625,-2.031005859375
4.9299999,1.6337890625,1.747314453125,-1.86181640625
4.949999900000001,1.4970703125,1.475830078125,-1.720458984375
4.9699999,1.199462890625,1.19091796875,-1.52490234375
4.989999900000001,0.760986328125,0.8349609375,-1.1435546875
5.0099999,0.26123046875,0.372314453125,-0.579833984375
5.029999900000001,-0.427001953125,-0.56201171875,0.577392578125
5.0499999,-0.645751953125,-0.894775390625,1.03857421875
5.069999900000001,-1.244140625,-1.741455078125,2.6083984375
5.0899999000000005,-1.364501953125,-1.933349609375,3.139404296875
5.109999900000001,-1.427734375,-2.306884765625,4.4599609375
5.1299999000000005,-1.45703125,-2.55908203125,4.973388671875
5.1499999,-1.586669921875,-2.775634765625,5.14111328125
5.1699999000000005,-1.76318359375,-2.85302734375,5.12841796875
5.1899999,-2.109130859375,-2.732666015625,5.142578125
5.209999900000001,-2.339599609375,-2.57666015625,5.20458984375
5.2299999,-2.764404296875,-2.173583984375,5.39892578125
5.249999900000001,-2.97802734375,-2.14453125,5.438232421875
5.2699999,-2.898193359375,-2.841796875,5.141845703125
5.289999900000001,-2.917236328125,-3.64111328125,4.773681640625
5.3099999,-2.999755859375,-3.99755859375,4.575439453125
5.329999900000001,-2.98974609375,-3.986083984375,4.6201171875
5.3499999,-2.687255859375,-3.622802734375,5.1982421875
5.369999900000001,-2.417236328125,-3.2529296875,5.418701171875
5.3899999,-2.22314453125,-2.896484375,5.255615234375
5.409999900000001,-2.161865234375,-2.636474609375,4.710693359375
5.4299999,-2.18212890625,-2.47607421875,3.968994140625
5.449999900000001,-2.20263671875,-2.353271484375,3.262451171875
5.4699999,-2.20849609375,-2.23486328125,2.745361328125
5.489999900000001,-2.2275390625,-2.12744140625,2.463623046875
5.5099999,-2.2470703125,-2.07568359375,2.356201171875
5.529999900000001,-2.240234375,-2.124267578125,2.30126953125
5.5499999,-2.2138671875,-2.241943359375,2.220458984375
5.569999900000001,-2.216796875,-2.32421875,2.14794921875
5.5899999000000005,-2.276123046875,-2.31396484375,2.162841796875
5.609999900000001,-2.367919921875,-2.285888671875,2.26318359375
5.6299999000000005,-2.43310546875,-2.37060546875,2.371337890625
5.6499999,-2.42724609375,-2.534912109375,2.42724609375
5.6699999000000005,-2.359130859375,-2.6328125,2.419189453125
5.6899999,-2.29833984375,-2.56884765625,2.39794921875
5.709999900000001,-2.260986328125,-2.3642578125,2.43701171875
5.7299999,-2.13720703125,-2.192138671875,2.497802734375
5.749999900000001,-2.09521484375,-2.2060546875,2.49169921875
5.7699999,-2.0810546875,-2.284423828125,2.439208984375
5.789999900000001,-2.138916015625,-2.415283203125,2.32568359375
5.8099999,-2.1259765625,-2.564453125,2.23291015625
5.829999900000001,-2.051025390625,-2.62841796875,2.2236328125
5.8499999,-1.961669921875,-2.56640625,2.262939453125
5.869999900000001,-1.889892578125,-2.40478515625,2.301025390625
5.8899999,-1.843994140625,-2.321533203125,2.356201171875
5.909999900000001,-1.76904296875,-2.468994140625,2.490234375
5.9299999,-1.66259765625,-2.829833984375,2.707763671875
5.949999900000001,-1.597412109375,-3.23095703125,3.080322265625
5.9699999,-1.60009765625,-3.51513671875,3.75
5.989999900000001,-1.64013671875,-3.764404296875,4.678466796875
6.0099999,-1.70849609375,-4.20458984375,5.59326171875
6.029999900000001,-1.8681640625,-4.831298828125,6.171142578125
6.0499999,-2.1171875,-5.31396484375,6.385986328125
6.069999900000001,-2.3544921875,-5.333984375,6.413818359375
6.0899999000000005,-2.48486328125,-4.963623046875,6.211669921875
6.109999900000001,-2.35400390625,-4.62890625,5.737548828125
6.1299999000000005,-1.921630859375,-4.3935546875,4.841064453125
6.149999900000001,-1.781494140625,-4.27978515625,4.563720703125
6.1699999000000005,-1.36181640625,-3.694580078125,3.925537109375
6.1899999,-1.1943359375,-3.479736328125,3.662841796875
6.209999900000001,-0.478759765625,-3.044677734375,2.531005859375
6.2299999,-0.21875,-2.9443359375,2.1484375
6.249999900000001,0.166259765625,-2.584716796875,1.603271484375
6.2699999,0.359130859375,-1.933349609375,1.447265625
6.289999900000001,0.89306640625,-0.94873046875,1.697509765625
6.3099999,0.89306640625,-0.94873046875,1.697509765625
6.329999900000001,1.160888671875,-0.89306640625,1.28515625
6.3499999,1.140625,-0.85595703125,1.059814453125
6.369999900000001,0.93505859375,-0.407958984375,0.46484375
6.3899999,0.911376953125,0.06982421875,0.205810546875
6.409999900000001,1.12646484375,0.527587890625,0.01708984375
6.4299999,1.548095703125,0.83935546875,-0.0888671875
6.449999900000001,1.949462890625,1.05322265625,-0.16357421875
6.4699999,2.11962890625,1.309326171875,-0.271728515625
6.489999900000001,2.1376953125,1.667236328125,-0.390380859375
6.5099999,2.222900390625,1.994384765625,-0.42333984375
6.529999900000001,2.4462890625,2.12939453125,-0.36328125
6.5499999,2.744384765625,2.073486328125,-0.30908203125
6.569999900000001,3.093505859375,1.86669921875,-0.247314453125
6.5899999000000005,3.572998046875,1.566650390625,-0.023681640625
6.609999900000001,3.915771484375,1.423828125,0.285400390625
6.6299999000000005,3.733154296875,1.619873046875,0.322265625
6.649999900000001,3.05859375,1.991455078125,-0.352294921875
6.6699999000000005,2.959228515625,1.998046875,-0.619873046875
6.6899999,3.05712890625,1.85986328125,-0.888671875
6.709999900000001,3.368408203125,1.7197265625,-0.743408203125
6.7299999,3.619873046875,1.7451171875,-0.470703125
6.749999900000001,3.710205078125,1.85302734375,-0.353515625
6.7699999,3.689697265625,1.875244140625,-0.38818359375
6.789999900000001,3.65087890625,1.791259765625,-0.40869140625
6.8099999,3.634033203125,1.691650390625,-0.31884765625
6.829999900000001,3.631591796875,1.605224609375,-0.1552734375
6.8499999,3.53076171875,1.5673828125,-0.063720703125
6.869999900000001,3.239990234375,1.6435546875,-0.19140625
6.8899999,2.864990234375,1.748779296875,-0.48095703125
6.909999900000001,2.5654296875,1.740234375,-0.69384765625
6.9299999,2.36328125,1.5771484375,-0.73828125
6.949999900000001,2.136962890625,1.33251953125,-0.808837890625
6.9699999,1.736328125,1.07177734375,-1.1005859375
6.989999900000001,1.23095703125,0.760986328125,-1.523193359375
7.0099999,0.85693359375,0.396240234375,-1.809814453125
7.029999900000001,0.661865234375,0.113037109375,-1.77978515625
7.0499999,0.4541015625,0.0146484375,-1.405517578125
7.069999900000001,0.045654296875,-0.032958984375,-0.7744140625
7.0899999000000005,-0.452880859375,-0.240234375,0.017333984375
7.109999900000001,-0.78857421875,-0.665771484375,0.950927734375
7.1299999000000005,-0.963623046875,-1.304443359375,2.052001953125
7.149999900000001,-1.151611328125,-2.136962890625,3.27490234375
7.1699999000000005,-1.3876953125,-3.038330078125,4.478759765625
7.1899999,-1.54150390625,-3.7060546875,5.437255859375
7.209999900000001,-1.671630859375,-4.015625,6.182861328125
7.2299999,-1.949462890625,-4.146240234375,6.786376953125
7.249999900000001,-2.15625,-4.424560546875,7.190185546875
7.2699999,-2,-4.809814453125,6.86865234375
7.289999900000001,-1.7587890625,-5.123046875,6.076171875
7.3099999,-1.537109375,-5.056884765625,5.196044921875
7.329999900000001,-1.48583984375,-4.87109375,4.83203125
7.3499999,-1.5322265625,-4.37744140625,4.340576171875
7.369999900000001,-1.708251953125,-3.9541015625,3.99609375
7.3899999,-1.875,-3.730712890625,3.65966796875
7.409999900000001,-2.1435546875,-3.666015625,3.13671875
7.4299999,-2.1435546875,-3.6611328125,3.06396484375
7.449999900000001,-2.023193359375,-3.620361328125,2.944580078125
7.4699999,-1.839111328125,-3.549072265625,2.787109375
7.489999900000001,-1.74267578125,-3.50048828125,2.605224609375
7.5099999,-1.794921875,-3.46533203125,2.46142578125
7.529999900000001,-1.908935546875,-3.40625,2.344970703125
7.5499999,-1.976318359375,-3.347900390625,2.214111328125
7.569999900000001,-1.96826171875,-3.312255859375,2.078857421875
7.5899999000000005,-1.931884765625,-3.2646484375,1.94775390625
7.609999900000001,-1.9306640625,-3.181396484375,1.807373046875
7.6299999000000005,-1.962158203125,-3.075927734375,1.655029296875
7.649999900000001,-2.005859375,-2.9677734375,1.516845703125
7.6699999000000005,-2.052490234375,-2.867919921875,1.413330078125
7.6899999,-2.090087890625,-2.799560546875,1.375244140625
7.709999900000001,-2.08740234375,-2.78271484375,1.406494140625
7.7299999,-2.00146484375,-2.813720703125,1.468994140625
7.749999900000001,-1.873291015625,-2.864501953125,1.5400390625
7.7699999,-1.791259765625,-2.90380859375,1.623046875
7.789999900000001,-1.751220703125,-2.95947265625,1.746337890625
7.8099999,-1.74560546875,-3.041259765625,1.912841796875
7.829999900000001,-1.74755859375,-3.14892578125,2.106201171875
7.8499999,-1.69873046875,-3.279296875,2.314208984375
7.869999900000001,-1.61083984375,-3.3798828125,2.463134765625
7.8899999,-1.517822265625,-3.431396484375,2.504638671875
7.909999900000001,-1.42578125,-3.507080078125,2.534423828125
7.9299999,-1.305419921875,-3.665283203125,2.6767578125
7.949999900000001,-1.140625,-3.862548828125,3.0068359375
7.9699999,-0.840576171875,-4.050048828125,3.755859375
7.989999900000001,-0.78173828125,-4.072509765625,3.96044921875
8.0099999,-0.754638671875,-4.148681640625,4.13232421875
8.0299999,-0.71923828125,-4.31591796875,4.06640625
8.049999900000001,-0.652099609375,-4.46923828125,4.108154296875
8.069999900000001,-0.464599609375,-4.50439453125,4.551513671875
8.0899999,-0.20751953125,-4.404541015625,5.43359375
8.1099999,-0.059814453125,-4.41943359375,6.26220703125
8.129999900000001,-0.173095703125,-4.610595703125,6.442626953125
8.149999900000001,-0.492431640625,-4.58056640625,6.015380859375
8.1699999,-0.447509765625,-4.16650390625,5.28076171875
8.1899999,-0.283935546875,-4.01025390625,5.09716796875
8.2099999,-0.0205078125,-3.72705078125,4.605224609375
8.229999900000001,0.046630859375,-3.346435546875,3.69287109375
8.2499999,0.127197265625,-2.54931640625,2.4462890625
8.2699999,0.3583984375,-1.444580078125,1.218505859375
8.2899999,0.672607421875,-0.45361328125,0.19482421875
8.309999900000001,1.00439453125,0.263916015625,-0.529541015625
8.3299999,1.372802734375,0.776611328125,-0.934326171875
8.3499999,1.654296875,1.1796875,-1.202392578125
8.3699999,1.7421875,1.673583984375,-1.678955078125
8.389999900000001,1.753173828125,1.74609375,-1.819091796875
8.4099999,1.886962890625,1.514404296875,-1.936767578125
8.4299999,1.92138671875,1.35888671875,-1.897705078125
8.4499999,1.951171875,1.171142578125,-1.87109375
8.469999900000001,1.90625,1.2060546875,-2.0546875
8.4899999,1.818603515625,1.387939453125,-2.380859375
8.5099999,1.76611328125,1.482666015625,-2.388916015625
8.5299999,1.66748046875,1.60205078125,-2.337158203125
8.549999900000001,1.64453125,1.693115234375,-2.336181640625
8.569999900000001,1.591552734375,2.017578125,-2.377685546875
8.5899999,1.6396484375,2.129150390625,-2.374267578125
8.6099999,1.75439453125,2.114501953125,-2.34423828125
8.629999900000001,1.8818359375,2.0595703125,-2.343994140625
8.649999900000001,1.97802734375,2.035400390625,-2.394775390625
8.6699999,2.01708984375,2.0205078125,-2.44091796875
8.6899999,2.09326171875,1.949462890625,-2.447021484375
8.709999900000001,2.22119140625,1.8330078125,-2.3759765625
8.729999900000001,2.346923828125,1.769287109375,-2.24267578125
8.7499999,2.44775390625,1.797119140625,-2.166015625
8.7699999,2.49560546875,1.889892578125,-2.21484375
8.7899999,2.504150390625,1.975830078125,-2.331787109375
8.809999900000001,2.530029296875,1.960205078125,-2.416259765625
8.8299999,2.573974609375,1.86376953125,-2.41552734375
8.8499999,2.590087890625,1.80419921875,-2.368896484375
8.8699999,2.52978515625,1.84814453125,-2.346435546875
8.889999900000001,2.41650390625,1.943115234375,-2.388671875
8.9099999,2.333984375,1.985595703125,-2.5009765625
8.9299999,2.343505859375,1.89013671875,-2.623046875
8.9499999,2.34716796875,1.868896484375,-2.595703125
8.969999900000001,2.2822265625,1.912353515625,-2.476318359375
8.9899999,2.11767578125,2.036865234375,-2.4111328125
9.0099999,1.927978515625,2.11181640625,-2.488037109375
9.0299999,1.744140625,2.01513671875,-2.6240234375
9.049999900000001,1.59375,1.740478515625,-2.677978515625
9.069999900000001,1.51171875,1.4609375,-2.5947265625
9.0899999,1.4033203125,1.377685546875,-2.39892578125
9.1099999,0.94873046875,1.4970703125,-2.046875
9.129999900000001,0.730712890625,1.4677734375,-1.9423828125
9.149999900000001,0.346923828125,1.111572265625,-1.723876953125
9.1699999,0.125,0.37451171875,-1.43017578125
9.1899999,-0.0576171875,-0.448486328125,-1.0400390625
9.209999900000001,-0.4775390625,-1.047607421875,-0.42578125
9.229999900000001,-1.629638671875,-1.361328125,1.230224609375
9.2499999,-2.033447265625,-1.406005859375,1.902099609375
9.2699999,-2.855224609375,-1.83056640625,3.95361328125
9.2899999,-3.070556640625,-2.36328125,5.195556640625
9.309999900000001,-3.207763671875,-2.84814453125,6.32470703125
9.3299999,-3.29150390625,-3.036865234375,6.861083984375
9.3499999,-3.263671875,-3.566162109375,7.67822265625
9.3699999,-3.0341796875,-3.791259765625,7.72900390625
9.389999900000001,-2.422119140625,-4.23974609375,7.781982421875
9.4099999,-2.157958984375,-4.095947265625,7.051513671875
9.4299999,-2.3515625,-3.81298828125,6.45458984375
9.4499999,-2.8525390625,-3.0771484375,5.12255859375
9.469999900000001,-3.15380859375,-2.45849609375,4.1787109375
9.4899999,-2.99267578125,-2.267822265625,4.158203125
9.5099999,-2.8154296875,-2.3251953125,4.341796875
9.5299999,-2.218505859375,-2.459716796875,4.423583984375
9.549999900000001,-2.1396484375,-2.478271484375,4.213134765625
9.569999900000001,-2.3203125,-2.494384765625,3.9638671875
9.5899999,-2.289306640625,-2.689697265625,4.984619140625
9.6099999,-2.473876953125,-2.724609375,5.262451171875
9.629999900000001,-2.943359375,-2.35400390625,3.82861328125
9.649999900000001,-2.974609375,-1.941650390625,2.262451171875
9.6699999,-2.520263671875,-1.80126953125,1.8447265625
9.6899999,-2.035888671875,-1.864990234375,2.329345703125
9.709999900000001,-1.8115234375,-1.865478515625,2.873779296875
9.729999900000001,-1.7763671875,-1.78857421875,3.09765625
9.7499999,-1.89990234375,-1.845458984375,2.976806640625
9.7699999,-2.16845703125,-2.018310546875,2.62939453125
9.7899999,-2.4140625,-2.17822265625,2.28759765625
9.809999900000001,-2.47998046875,-2.2548828125,2.12939453125
9.8299999,-2.454345703125,-2.2255859375,2.14892578125
9.8499999,-2.420166015625,-2.109619140625,2.216064453125
9.8699999,-2.420654296875,-2.029052734375,2.25244140625
9.889999900000001,-2.4140625,-2.059814453125,2.2353515625
9.9099999,-2.36962890625,-2.164794921875,2.189697265625
9.9299999,-2.293212890625,-2.297607421875,2.184814453125
9.9499999,-2.20849609375,-2.397705078125,2.29052734375
9.969999900000001,-2.1318359375,-2.396484375,2.541259765625
9.9899999,-2.075439453125,-2.363525390625,2.8740234375
10.0099999,-2.043212890625,-2.47216796875,3.14453125
10.0299999,-2.018798828125,-2.742431640625,3.34033203125
10.049999900000001,-1.970703125,-3.016357421875,3.65185546875
10.069999900000001,-1.913818359375,-3.135009765625,4.191650390625
10.0899999,-1.81689453125,-3.198974609375,4.8408203125
10.1099999,-1.6669921875,-3.5009765625,5.4453125
10.129999900000001,-1.593017578125,-4.020263671875,5.99658203125
10.149999900000001,-1.89111328125,-4.28173828125,6.577880859375
10.1699999,-2.02978515625,-4.178466796875,6.61474609375
10.1899999,-2.107177734375,-4.022705078125,6.462646484375
10.209999900000001,-1.818115234375,-4.174072265625,6.225830078125
10.229999900000001,-1.223876953125,-4.527587890625,6.22607421875
10.2499999,-1.162841796875,-4.45068359375,6.272705078125
10.2699999,-1.19384765625,-4.002685546875,6.165283203125
10.2899999,-1.15087890625,-3.679443359375,5.567138671875
10.309999900000001,-1.05712890625,-3.443359375,4.555908203125
10.3299999,-0.969970703125,-2.855224609375,3.208984375
10.3499999,-0.712646484375,-2.065185546875,1.620849609375
10.3699999,-0.1884765625,-1.49267578125,0.14404296875
10.389999900000001,0.35888671875,-1.17236328125,-0.833251953125
10.4099999,0.6982421875,-0.918701171875,-1.332275390625
10.4299999,0.89794921875,-0.355224609375,-1.6943359375
10.4499999,0.960205078125,-0.135986328125,-1.78369140625
10.469999900000001,1.13671875,0.238037109375,-1.905029296875
10.4899999,1.3271484375,0.527587890625,-1.92822265625
10.5099999,1.451904296875,0.833740234375,-1.887939453125
10.5299999,1.514404296875,1.197265625,-1.836181640625
10.549999900000001,1.553955078125,1.711181640625,-1.993408203125
10.569999900000001,1.6533203125,1.974853515625,-2.18017578125
10.5899999,1.83544921875,2.178955078125,-2.20947265625
10.6099999,2.0224609375,2.28955078125,-2.049560546875
10.629999900000001,2.10888671875,2.287353515625,-1.9501953125
10.649999900000001,2.28271484375,2.1416015625,-1.79931640625
10.6699999,2.329833984375,2.119140625,-1.867431640625
10.6899999,2.33837890625,2.222900390625,-1.971435546875
10.709999900000001,2.37255859375,2.349853515625,-2.017822265625
10.729999900000001,2.464111328125,2.3779296875,-1.97021484375
10.7499999,2.556884765625,2.282470703125,-1.91015625
10.7699999,2.599609375,2.132080078125,-1.948486328125
10.7899999,2.618896484375,1.99169921875,-2.057861328125
10.809999900000001,2.65478515625,1.900390625,-2.141845703125
10.8299999,2.680908203125,1.905029296875,-2.143798828125
10.8499999,2.66943359375,2.010009765625,-2.081298828125
10.8699999,2.64404296875,2.129638671875,-2.02197265625
10.889999900000001,2.60986328125,2.17919921875,-2.033935546875
10.9099999,2.545654296875,2.150634765625,-2.106201171875
10.9299999,2.43994140625,2.119873046875,-2.171142578125
10.9499999,2.292724609375,2.1591796875,-2.20751953125
10.969999900000001,2.10595703125,2.2587890625,-2.31396484375
10.9899999,1.87109375,2.370361328125,-2.552978515625
11.0099999,1.65966796875,2.3828125,-2.764404296875
11.0299999,1.5673828125,2.22265625,-2.710693359375
11.049999900000001,1.601806640625,1.983642578125,-2.35498046875
11.069999900000001,1.68505859375,1.663818359375,-1.70068359375
11.0899999,1.671142578125,1.560302734375,-1.55126953125
11.1099999,1.586669921875,1.279052734375,-1.341064453125
11.129999900000001,1.4306640625,0.8603515625,-1.126708984375
11.149999900000001,1.186767578125,0.40185546875,-0.79248046875
11.1699999,0.903564453125,0.043701171875,-0.33056640625
11.1899999,0.585205078125,-0.163330078125,0.30859375
11.209999900000001,0.29052734375,-0.385009765625,1.191650390625
11.229999900000001,0.070556640625,-0.850341796875,2.107177734375
11.2499999,-0.164794921875,-1.41015625,2.71630859375
11.2699999,-0.4775390625,-1.80859375,3.0859375
11.2899999,-0.7685546875,-2.048095703125,3.67529296875
11.309999900000001,-0.9296875,-2.0205078125,4.989501953125
11.3299999,-1.003662109375,-1.87451171875,5.34228515625
11.3499999,-1.2705078125,-1.603515625,5.755126953125
11.3699999,-1.9296875,-1.57275390625,5.826904296875
11.389999900000001,-2.19287109375,-1.661865234375,5.820068359375
11.4099999,-2.575439453125,-1.911376953125,5.938232421875
11.4299999,-2.637939453125,-2.245361328125,6.1806640625
11.4499999,-2.4072265625,-2.39990234375,6.446044921875
11.469999900000001,-2.117919921875,-2.2646484375,6.626953125
11.4899999,-2.0341796875,-2.03955078125,6.388671875
11.5099999,-2.1845703125,-1.9736328125,5.567626953125
11.5299999,-2.434814453125,-2.084716796875,4.486083984375
11.549999900000001,-2.627685546875,-2.225830078125,3.6884765625
11.569999900000001,-2.6689453125,-2.25244140625,3.470947265625
11.5899999,-2.528564453125,-2.166259765625,3.68994140625
11.6099999,-2.295166015625,-2.0712890625,3.993896484375
11.629999900000001,-2.148193359375,-2.005126953125,4.073486328125
11.649999900000001,-2.150390625,-1.977783203125,4.14111328125
11.6699999,-2.091796875,-2.034423828125,4.496826171875
11.6899999,-2.132568359375,-2.008056640625,4.2060546875
11.709999900000001,-2.28271484375,-1.916259765625,3.4482421875
11.729999900000001,-2.32421875,-1.8310546875,2.90625
11.7499999,-2.154541015625,-1.786376953125,2.9697265625
11.7699999,-2.100830078125,-1.8369140625,3.086669921875
11.7899999,-2.102783203125,-2,3.1689453125
11.809999900000001,-2.22021484375,-2.139404296875,3.007080078125
11.8299999,-2.325439453125,-2.19921875,2.847900390625
11.8499999,-2.335693359375,-2.216796875,2.89794921875
11.8699999,-2.2607421875,-2.269287109375,3.162841796875
11.889999900000001,-2.15673828125,-2.37939453125,3.539794921875
11.9099999,-2.0595703125,-2.5634765625,3.97802734375
11.9299999,-1.94482421875,-2.919189453125,4.520751953125
11.9499999,-1.769287109375,-3.45361328125,5.209228515625
11.969999900000001,-1.499755859375,-3.731201171875,5.997314453125
11.9899999,-1.282958984375,-3.383056640625,6.56005859375
12.0099999,-1.293701171875,-2.93994140625,6.56689453125
12.0299999,-1.467529296875,-3.013427734375,6.032470703125
12.049999900000001,-1.481201171875,-3.359130859375,5.278076171875
12.069999900000001,-1.02685546875,-3.50830078125,4.77001953125
12.0899999,-0.198974609375,-3.499755859375,4.718505859375
12.1099999,0.514404296875,-3.4541015625,4.900390625
12.129999900000001,0.81298828125,-3.31298828125,4.8193359375
12.149999900000001,1.015869140625,-3.13818359375,4.270751953125
12.1699999,1.351318359375,-2.8408203125,3.427490234375
12.1899999,1.616943359375,-2.304931640625,2.40380859375
12.209999900000001,1.735107421875,-1.69189453125,1.404296875
12.229999900000001,1.831787109375,-1.1865234375,0.667724609375
12.2499999,1.94140625,-0.882568359375,0.233154296875
12.2699999,1.998046875,-0.688720703125,-0.020263671875
12.289999900000002,1.9365234375,-0.5,-0.2734375
12.309999900000001,1.800048828125,-0.295654296875,-0.598876953125
12.3299999,1.67578125,-0.03125,-0.904296875
12.3499999,1.59619140625,0.268798828125,-1.08203125
12.3699999,1.53955078125,0.603271484375,-1.18994140625
12.389999900000001,1.462890625,0.99267578125,-1.385009765625
12.4099999,1.3515625,1.349609375,-1.73974609375
12.4299999,1.25830078125,1.58447265625,-2.112548828125
12.4499999,1.30029296875,1.713134765625,-2.28564453125
12.469999900000001,1.459228515625,1.80615234375,-2.246337890625
12.4899999,1.62890625,1.91259765625,-2.1416015625
12.5099999,1.778564453125,2.0302734375,-2.095458984375
12.5299999,1.892333984375,2.123291015625,-2.152099609375
12.549999900000001,1.989013671875,2.1962890625,-2.233642578125
12.569999900000001,2.127197265625,2.28759765625,-2.236572265625
12.5899999,2.380126953125,2.324462890625,-2.060791015625
12.6099999,2.5146484375,2.242431640625,-1.981689453125
12.629999900000001,2.56201171875,2.190185546875,-1.990478515625
12.649999900000001,2.62939453125,2.096435546875,-2.058837890625
12.6699999,2.6728515625,2.038330078125,-2.120849609375
12.6899999,2.67822265625,1.997314453125,-2.163818359375
12.709999900000001,2.653076171875,1.95458984375,-2.196044921875
12.729999900000001,2.63427734375,1.8837890625,-2.22216796875
12.7499999,2.630615234375,1.845947265625,-2.23095703125
12.7699999,2.5517578125,1.823486328125,-2.27490234375
12.789999900000002,2.48583984375,1.85791015625,-2.31884765625
12.809999900000001,2.21875,1.971923828125,-2.45068359375
12.8299999,2.033447265625,1.97900390625,-2.4462890625
12.8499999,1.813232421875,1.938720703125,-2.362548828125
12.8699999,1.526611328125,1.859130859375,-2.24609375
12.889999900000001,1.190185546875,1.67529296875,-2.138427734375
12.9099999,0.884765625,1.294189453125,-2.03173828125
12.9299999,0.692626953125,0.740478515625,-1.84423828125
12.9499999,0.53271484375,0.199462890625,-1.516845703125
12.969999900000001,0.205078125,-0.163818359375,-1.06689453125
12.9899999,-0.30322265625,-0.329345703125,-0.47998046875
13.0099999,-0.725341796875,-0.392578125,0.238037109375
13.0299999,-0.951904296875,-0.551513671875,1.01123046875
13.049999900000001,-1.13818359375,-0.988037109375,1.8349609375
13.069999900000001,-1.568359375,-2.00048828125,3.814697265625
13.0899999,-1.68994140625,-2.265625,4.546630859375
13.1099999,-1.890625,-2.468994140625,5.891357421875
13.129999900000001,-2.1982421875,-2.38427734375,6.95556640625
13.149999900000001,-2.590087890625,-2.463623046875,7.572998046875
13.1699999,-2.917236328125,-2.919677734375,7.625244140625
13.1899999,-2.898193359375,-3.610595703125,7.293212890625
13.209999900000001,-2.56787109375,-4.156494140625,6.927490234375
13.229999900000001,-2.046875,-4.357177734375,6.8505859375
13.2499999,-1.38525390625,-4.01611328125,6.807373046875
13.2699999,-1.343505859375,-3.787109375,6.60400390625
13.289999900000002,-1.499267578125,-3.343017578125,5.830078125
13.309999900000001,-1.720947265625,-2.960693359375,4.760986328125
13.3299999,-1.862060546875,-2.621826171875,3.844482421875
13.3499999,-1.933837890625,-2.3662109375,3.38134765625
13.3699999,-1.879150390625,-2.277587890625,3.296142578125
13.389999900000001,-1.79345703125,-2.3603515625,3.3671875
13.4099999,-1.79638671875,-2.477783203125,3.248046875
13.4299999,-1.826416015625,-2.43701171875,2.84521484375
13.4499999,-1.910400390625,-2.185302734375,2.5576171875
13.469999900000001,-1.991455078125,-1.9814453125,2.581787109375
13.4899999,-1.998046875,-2.009033203125,2.7275390625
13.5099999,-1.9697265625,-2.232421875,2.838623046875
13.5299999,-1.9423828125,-2.567626953125,2.94580078125
13.549999900000001,-2.039306640625,-2.8203125,3.013427734375
13.569999900000001,-2.10986328125,-2.744873046875,2.931640625
13.5899999,-2.22509765625,-2.44677734375,2.680908203125
13.6099999,-2.23828125,-2.22802734375,2.487548828125
13.629999900000001,-2.178466796875,-2.22998046875,2.403076171875
13.649999900000001,-2.132080078125,-2.370849609375,2.345947265625
13.6699999,-2.13232421875,-2.54345703125,2.29931640625
13.6899999,-2.146728515625,-2.700439453125,2.366455078125
13.709999900000001,-2.11279296875,-2.88720703125,2.837158203125
13.729999900000001,-2.006103515625,-3.03515625,3.257080078125
13.7499999,-1.814697265625,-3.275146484375,3.647216796875
13.7699999,-1.634033203125,-3.533447265625,4.03662109375
13.789999900000002,-1.590576171875,-3.611572265625,4.244140625
13.809999900000001,-1.593505859375,-3.686279296875,4.696044921875
13.8299999,-1.650390625,-4.043701171875,5.3427734375
13.8499999,-1.6572265625,-4.547607421875,5.68994140625
13.8699999,-1.716064453125,-4.850830078125,5.98095703125
13.889999900000001,-1.768798828125,-4.818603515625,6.12060546875
13.9099999,-1.662353515625,-4.378662109375,6.53271484375
13.9299999,-1.321533203125,-4.284912109375,6.8271484375
13.9499999,-1.18701171875,-4.179931640625,6.82470703125
13.969999900000001,-1.396728515625,-3.763916015625,6.072265625
13.9899999,-1.333984375,-3.244140625,4.71240234375
14.0099999,-0.752685546875,-2.73974609375,3.3671875
14.0299999,-0.117919921875,-2.2529296875,2.302978515625
14.049999900000001,0.250732421875,-1.930908203125,1.332275390625
14.069999900000001,0.455322265625,-1.75146484375,0.349365234375
14.0899999,0.614990234375,-1.50732421875,-0.533203125
14.1099999,0.714111328125,-1.11181640625,-1.218017578125
14.129999900000001,0.810302734375,-0.60595703125,-1.627197265625
14.149999900000001,0.991943359375,-0.07275390625,-1.75830078125
14.1699999,1.178466796875,0.3662109375,-1.818115234375
14.1899999,1.307861328125,0.635986328125,-2.02685546875
14.209999900000001,1.43115234375,0.778564453125,-2.266357421875
14.229999900000001,1.529541015625,0.93798828125,-2.359619140625
14.2499999,1.57958984375,1.2158203125,-2.34375
14.2699999,1.626220703125,1.54931640625,-2.35400390625
14.289999900000002,1.7236328125,1.791015625,-2.45849609375
14.309999900000001,1.889892578125,1.84130859375,-2.538818359375
14.3299999,2.09326171875,1.736328125,-2.47998046875
14.3499999,2.277099609375,1.6123046875,-2.32568359375
14.3699999,2.422607421875,1.55126953125,-2.179931640625
14.389999900000001,2.521728515625,1.560546875,-2.110107421875
14.4099999,2.574951171875,1.61669921875,-2.12548828125
14.4299999,2.62158203125,1.646484375,-2.178955078125
14.4499999,2.69482421875,1.5029296875,-2.240478515625
14.469999900000001,2.70751953125,1.427001953125,-2.2705078125
14.4899999,2.70556640625,1.32421875,-2.371337890625
14.5099999,2.6650390625,1.34326171875,-2.544921875
14.5299999,2.6484375,1.361328125,-2.582763671875
14.549999900000001,2.61767578125,1.35791015625,-2.628173828125
14.569999900000001,2.589599609375,1.32861328125,-2.667236328125
14.5899999,2.54052734375,1.3388671875,-2.72607421875
14.6099999,2.464599609375,1.400390625,-2.754638671875
14.629999900000001,2.39208984375,1.459228515625,-2.72265625
14.649999900000001,2.315185546875,1.485595703125,-2.689208984375
14.6699999,2.12451171875,1.527099609375,-2.79150390625
14.6899999,1.91796875,1.575927734375,-2.93994140625
14.709999900000001,1.793701171875,1.597900390625,-3.008544921875
14.729999900000001,1.523681640625,1.613037109375,-3.097412109375
14.7499999,1.140380859375,1.514404296875,-3.04833984375
14.7699999,1.038818359375,1.435546875,-2.984619140625
14.789999900000002,0.88671875,1.196044921875,-2.798583984375
14.809999900000001,0.808837890625,0.883544921875,-2.543212890625
14.8299999,0.691162109375,0.474609375,-2.00244140625
14.8499999,0.61767578125,0.37841796875,-1.744140625
14.8699999,0.39404296875,0.21630859375,-1.108154296875
14.889999900000001,0.072021484375,0.103271484375,-0.378662109375
14.9099999,-0.37939453125,-0.355712890625,0.891357421875
14.9299999,-0.493408203125,-1.143310546875,1.982666015625
14.9499999,-0.56494140625,-1.793701171875,3.146484375
14.969999900000001,-0.931640625,-1.804931640625,4.050048828125
14.9899999,-1.73486328125,-1.477783203125,4.609130859375
15.0099999,-2.578857421875,-1.51708984375,5.1904296875
15.0299999,-2.927001953125,-2.197998046875,5.93701171875
15.049999900000001,-3.048583984375,-3.021484375,6.4775390625
15.069999900000001,-3.282958984375,-3.492919921875,6.682373046875
15.0899999,-3.374267578125,-3.510009765625,6.833740234375
15.1099999,-3.175537109375,-3.279052734375,7.09765625
15.129999900000001,-2.734130859375,-3.125244140625,7.2509765625
15.149999900000001,-2.209716796875,-3.137451171875,6.86865234375
15.1699999,-1.945068359375,-3.14013671875,5.819580078125
15.1899999,-2.086181640625,-2.948486328125,4.583740234375
15.209999900000001,-2.40234375,-2.62548828125,3.743896484375
15.229999900000001,-2.586181640625,-2.372314453125,3.484130859375
15.2499999,-2.557373046875,-2.331787109375,3.595947265625
15.2699999,-2.376953125,-2.46728515625,3.7958984375
15.289999900000002,-2.077880859375,-2.582275390625,4.11669921875
15.309999900000001,-1.76318359375,-2.62158203125,4.390869140625
15.3299999,-1.689453125,-2.588134765625,4.22802734375
15.3499999,-1.901611328125,-2.4521484375,3.71337890625
15.3699999,-2.052001953125,-2.402099609375,3.330810546875
15.389999900000001,-1.9716796875,-2.619384765625,3.42236328125
15.4099999,-1.820556640625,-3.090576171875,3.977294921875
15.4299999,-1.745361328125,-3.806640625,5.256591796875
15.4499999,-1.801513671875,-3.921630859375,5.58203125
15.469999900000001,-2.0068359375,-3.95458984375,5.880859375
15.4899999,-2.151123046875,-3.90087890625,5.804931640625
15.5099999,-2.169677734375,-3.897705078125,5.573974609375
15.5299999,-2.11328125,-3.950439453125,5.403564453125
15.549999900000001,-1.96337890625,-4.029296875,5.393798828125
15.569999900000001,-1.723876953125,-4.087646484375,5.4375
15.5899999,-1.466796875,-4.035400390625,5.361328125
15.6099999,-1.257568359375,-3.846923828125,5.137939453125
15.629999900000001,-1.0546875,-3.598388671875,4.870849609375
15.649999900000001,-0.79150390625,-3.4560546875,4.72412109375
15.6699999,-0.531494140625,-3.474609375,4.453125
15.6899999,-0.36328125,-3.447509765625,3.75439453125
15.709999900000001,-0.298583984375,-3.12255859375,2.81298828125
15.729999900000001,-0.27001953125,-2.485107421875,1.836669921875
15.7499999,-0.150146484375,-1.788330078125,0.887451171875
15.7699999,0.347900390625,-0.98046875,-0.2451171875
15.789999900000002,0.551513671875,-0.75146484375,-0.48681640625
15.809999900000001,0.813720703125,-0.2412109375,-0.842529296875
15.8299999,0.85205078125,0.412841796875,-1.282470703125
15.8499999,0.965576171875,1.39892578125,-2.3330078125
15.869999900000002,1.088134765625,1.667724609375,-2.626708984375
15.889999900000001,1.390380859375,2.01318359375,-2.81298828125
15.9099999,1.86083984375,2.035888671875,-2.197998046875
15.9299999,2.151611328125,1.921630859375,-1.708740234375
15.9499999,2.2626953125,1.875,-1.55859375
15.969999900000001,2.3974609375,1.849365234375,-1.671630859375
15.9899999,2.40087890625,1.876220703125,-1.837158203125
16.0099999,2.418701171875,1.90283203125,-2.16162109375
16.0299999,2.46240234375,1.817138671875,-2.095703125
16.0499999,2.531005859375,1.705078125,-1.978515625
16.0699999,2.5732421875,1.677490234375,-1.99755859375
16.089999900000002,2.5498046875,1.7744140625,-2.17724609375
16.109999900000002,2.49560546875,1.924560546875,-2.36279296875
16.1299999,2.469970703125,2.026123046875,-2.41162109375
16.1499999,2.513916015625,2.01953125,-2.325927734375
16.1699999,2.613037109375,1.91845703125,-2.2060546875
16.1899999,2.707275390625,1.794921875,-2.1689453125
16.2099999,2.75830078125,1.703125,-2.22119140625
16.2299999,2.79345703125,1.623046875,-2.257080078125
16.249999900000002,2.83642578125,1.52392578125,-2.225830078125
16.269999900000002,2.859375,1.443115234375,-2.190185546875
16.2899999,2.843017578125,1.433837890625,-2.21826171875
16.3099999,2.813232421875,1.47802734375,-2.2900390625
16.3299999,2.801513671875,1.537841796875,-2.3212890625
16.3499999,2.794189453125,1.60888671875,-2.25439453125
16.3699999,2.77685546875,1.632080078125,-2.23095703125
16.3899999,2.68994140625,1.701171875,-2.22216796875
16.4099999,2.5390625,1.78369140625,-2.2841796875
16.429999900000002,2.364990234375,1.807373046875,-2.37744140625
16.4499999,2.220458984375,1.7412109375,-2.438232421875
16.4699999,2.0615234375,1.61572265625,-2.444580078125
16.4899999,1.99560546875,1.611083984375,-2.444580078125
16.5099999,1.822998046875,1.662353515625,-2.4619140625
16.5299999,1.635498046875,1.7255859375,-2.458251953125
16.5499999,1.4755859375,1.61865234375,-2.366455078125
16.5699999,1.46630859375,1.50927734375,-2.310302734375
16.589999900000002,1.408203125,1.1123046875,-2.039794921875
16.609999900000002,1.344482421875,0.990478515625,-1.92333984375
16.6299999,1.235107421875,0.779541015625,-1.644775390625
16.6499999,1.214111328125,0.59375,-1.27001953125
16.6699999,1.17529296875,0.404541015625,-0.783935546875
16.6899999,0.958740234375,0.18603515625,-0.2041015625
16.7099999,0.47900390625,-0.121337890625,0.337890625
16.7299999,-0.146728515625,-0.50439453125,0.8525390625
16.749999900000002,-0.71630859375,-0.9599609375,1.5830078125
16.769999900000002,-1.28759765625,-1.560302734375,2.57568359375
16.7899999,-1.478759765625,-2.366455078125,4.29443359375
16.8099999,-0.64208984375,-2.7998046875,6.390869140625
16.8299999,0.318603515625,-2.32421875,7.677978515625
16.8499999,0.083984375,-2.1572265625,7.66845703125
16.8699999,-0.85400390625,-2.11279296875,7.2255859375
16.8899999,-1.7314453125,-2.333984375,6.473388671875
16.9099999,-1.772216796875,-2.688720703125,5.680419921875
16.929999900000002,-1.51806640625,-2.780517578125,5.53564453125
16.9499999,-1.087646484375,-2.979248046875,5.406982421875
16.9699999,-1.0771484375,-3.224609375,5.331298828125
16.9899999,-1.436279296875,-3.657958984375,4.95458984375
17.0099999,-1.537353515625,-3.82763671875,4.47021484375
17.0299999,-1.6416015625,-3.594970703125,3.822998046875
17.0499999,-1.724609375,-3.4208984375,3.690185546875
17.0699999,-1.921875,-3.110107421875,3.51025390625
17.089999900000002,-1.9833984375,-3.0107421875,3.435791015625
17.109999900000002,-1.907470703125,-2.832763671875,3.153564453125
17.1299999,-1.7392578125,-2.652587890625,3.041748046875
17.1499999,-1.603515625,-2.40380859375,3.135986328125
17.1699999,-1.57763671875,-2.2578125,3.35400390625
17.1899999,-1.692626953125,-2.265625,3.31689453125
17.2099999,-1.889404296875,-2.240966796875,2.880615234375
17.2299999,-2.03125,-2.196044921875,2.396240234375
17.249999900000002,-2.04296875,-2.2685546875,2.167236328125
17.269999900000002,-2.004638671875,-2.4169921875,2.223876953125
17.2899999,-2.020751953125,-2.52685546875,2.40185546875
17.3099999,-2.099365234375,-2.568115234375,2.509765625
17.3299999,-2.193359375,-2.58740234375,2.4375
17.3499999,-2.27294921875,-2.60009765625,2.231689453125
17.3699999,-2.309326171875,-2.606689453125,2.053955078125
17.3899999,-2.27880859375,-2.64697265625,2.04541015625
17.409999900000003,-2.1904296875,-2.76171875,2.224853515625
17.429999900000002,-2.03857421875,-2.96484375,2.52880859375
17.4499999,-1.860595703125,-3.16015625,2.946044921875
17.4699999,-1.7158203125,-3.230712890625,3.460205078125
17.4899999,-1.605224609375,-3.254150390625,3.9501953125
17.5099999,-1.5654296875,-3.39990234375,4.302734375
17.5299999,-1.615966796875,-3.662353515625,4.566650390625
17.5499999,-1.69580078125,-3.84814453125,4.8583984375
17.5699999,-1.742919921875,-3.8427734375,5.1728515625
17.589999900000002,-1.73876953125,-3.76171875,5.3984375
17.609999900000002,-1.683349609375,-3.803955078125,5.4814453125
17.6299999,-1.545654296875,-4.019287109375,5.44677734375
17.6499999,-1.36474609375,-4.25537109375,5.427001953125
17.6699999,-1.007568359375,-4.353271484375,5.8759765625
17.6899999,-0.83056640625,-4.366455078125,6.234619140625
17.7099999,-0.40185546875,-4.422607421875,7.181396484375
17.7299999,-0.494384765625,-4.28515625,7.8916015625
17.749999900000002,-1.4306640625,-3.8720703125,7.616943359375
17.769999900000002,-2.2939453125,-3.3125,6.048828125
17.7899999,-2.031494140625,-2.54150390625,3.689697265625
17.8099999,-0.81298828125,-1.687744140625,1.589111328125
17.8299999,0.342529296875,-1.09326171875,0.4072265625
17.8499999,0.6884765625,-0.815673828125,-0.21826171875
17.8699999,0.444580078125,-0.310546875,-1.122314453125
17.8899999,0.425048828125,-0.036865234375,-1.422607421875
17.909999900000003,0.480224609375,0.55859375,-1.93310546875
17.929999900000002,0.638916015625,0.98486328125,-2.226318359375
17.9499999,0.870849609375,1.161376953125,-2.202880859375
17.9699999,1.068359375,1.259033203125,-2.110595703125
17.9899999,1.187744140625,1.385009765625,-2.161376953125
18.0099999,1.324462890625,1.542236328125,-2.28515625
18.0299999,1.507080078125,1.64208984375,-2.379150390625
18.0499999,1.681396484375,1.564697265625,-2.49365234375
18.0699999,1.8076171875,1.46484375,-2.6396484375
18.089999900000002,1.883544921875,1.46240234375,-2.692626953125
18.109999900000002,2.081787109375,1.6669921875,-2.6962890625
18.1299999,2.168212890625,1.792724609375,-2.612060546875
18.1499999,2.26806640625,1.771240234375,-2.5283203125
18.1699999,2.380126953125,1.655029296875,-2.510986328125
18.1899999,2.44384765625,1.5693359375,-2.5390625
18.2099999,2.452880859375,1.577392578125,-2.5693359375
18.2299999,2.4775390625,1.60107421875,-2.5595703125
18.249999900000002,2.550048828125,1.525390625,-2.484130859375
18.269999900000002,2.63623046875,1.3837890625,-2.40576171875
18.2899999,2.680908203125,1.300048828125,-2.420654296875
18.3099999,2.6591796875,1.3388671875,-2.516357421875
18.3299999,2.62109375,1.448974609375,-2.59765625
18.3499999,2.6181640625,1.545654296875,-2.60205078125
18.3699999,2.64111328125,1.59912109375,-2.550048828125
18.3899999,2.654052734375,1.620361328125,-2.50634765625
18.409999900000003,2.656005859375,1.62841796875,-2.5029296875
18.429999900000002,2.6650390625,1.5908203125,-2.544921875
18.4499999,2.670166015625,1.553955078125,-2.560302734375
18.4699999,2.681884765625,1.462890625,-2.576171875
18.4899999,2.680908203125,1.41357421875,-2.56396484375
18.5099999,2.6396484375,1.443603515625,-2.536376953125
18.5299999,2.50537109375,1.524169921875,-2.543212890625
18.5499999,2.44580078125,1.53466796875,-2.568359375
18.5699999,2.31689453125,1.5380859375,-2.64013671875
18.589999900000002,2.185302734375,1.536376953125,-2.694580078125
18.609999900000002,1.974609375,1.5263671875,-2.731201171875
18.6299999,1.876708984375,1.522216796875,-2.7509765625
18.6499999,1.61376953125,1.489501953125,-2.814208984375
18.6699999,1.287353515625,1.38525390625,-2.881103515625
18.6899999,0.94140625,1.218505859375,-2.914794921875
18.7099999,0.584228515625,1.030029296875,-2.887451171875
18.7299999,0.265380859375,0.794921875,-2.736328125
18.749999900000002,0.04248046875,0.505126953125,-2.457763671875
18.769999900000002,-0.177001953125,0.242431640625,-2.118896484375
18.7899999,-0.533203125,0.00537109375,-1.764892578125
18.8099999,-1.034912109375,-0.1728515625,-1.160400390625
18.8299999,-1.519287109375,-0.394775390625,-0.10595703125
18.8499999,-2.13134765625,-0.635986328125,1.2783203125
18.8699999,-3.02978515625,-0.8515625,2.767822265625
18.8899999,-3.81396484375,-1.3642578125,4.28515625
18.909999900000003,-3.56884765625,-2.768798828125,6.86181640625
18.929999900000002,-2.948486328125,-3.2958984375,7.578857421875
18.9499999,-1.259765625,-3.9853515625,7.999755859375
18.9699999,-0.097412109375,-3.838134765625,7.999755859375
18.9899999,-0.422607421875,-3.191650390625,7.999755859375
19.0099999,-1.580810546875,-2.607666015625,7.3681640625
19.0299999,-2.442138671875,-2.62109375,6.04833984375
19.0499999,-2.2880859375,-2.835693359375,5.802978515625
19.0699999,-1.595947265625,-3.263427734375,5.707275390625
19.089999900000002,-1.02099609375,-3.25830078125,5.751220703125
19.109999900000002,-1.18798828125,-2.484619140625,5.3203125
19.1299999,-1.39306640625,-2.284423828125,5.03759765625
19.1499999,-1.693115234375,-2.197021484375,4.359130859375
19.1699999,-1.666015625,-2.345703125,4.10888671875
19.1899999,-1.348876953125,-2.488525390625,4.33251953125
19.2099999,-1.1240234375,-2.486328125,4.40966796875
19.2299999,-1.3251953125,-2.404541015625,4.02392578125
19.249999900000002,-1.50390625,-2.396240234375,3.552978515625
19.269999900000002,-1.558837890625,-2.42724609375,3.14892578125
19.2899999,-1.57275390625,-2.462158203125,2.90869140625
19.3099999,-1.62939453125,-2.406982421875,2.811279296875
19.3299999,-1.734375,-2.278076171875,2.78466796875
19.3499999,-1.8349609375,-2.15283203125,2.7216796875
19.3699999,-1.895263671875,-2.072509765625,2.590087890625
19.3899999,-1.93408203125,-2.05712890625,2.443603515625
19.409999900000003,-1.974853515625,-2.130126953125,2.3408203125
19.429999900000002,-2.011474609375,-2.261474609375,2.30322265625
19.4499999,-2.029296875,-2.38037109375,2.312255859375
19.4699999,-2.0234375,-2.432861328125,2.357666015625
19.4899999,-2.012939453125,-2.42041015625,2.439208984375
19.5099999,-2.01611328125,-2.370849609375,2.533447265625
19.5299999,-2.026123046875,-2.348876953125,2.6083984375
19.5499999,-2.027587890625,-2.38671875,2.66552734375
19.5699999,-2.02294921875,-2.458251953125,2.714111328125
19.589999900000002,-2.015869140625,-2.531494140625,2.7451171875
19.609999900000002,-1.98876953125,-2.585205078125,2.76708984375
19.6299999,-1.96240234375,-2.59228515625,2.793212890625
19.6499999,-1.96435546875,-2.52490234375,2.818603515625
19.6699999,-1.9404296875,-2.44775390625,2.881103515625
19.6899999,-1.900634765625,-2.499755859375,2.93359375
19.7099999,-1.795654296875,-2.7119140625,3.126953125
19.7299999,-1.732177734375,-2.908203125,3.429443359375
19.749999900000002,-1.729736328125,-2.963134765625,3.776611328125
19.769999900000002,-1.721435546875,-2.9375,4.113525390625
19.7899999,-1.688720703125,-2.96923828125,4.3759765625
19.8099999,-1.6787109375,-3.181396484375,4.51416015625
19.8299999,-1.668212890625,-3.574462890625,4.570556640625
19.8499999,-1.62548828125,-3.932373046875,4.637939453125
19.8699999,-1.544189453125,-4.033935546875,4.812744140625
19.8899999,-1.4130859375,-3.86181640625,5.138671875
19.909999900000003,-1.2900390625,-3.66015625,5.54150390625
19.929999900000002,-1.171875,-3.669921875,5.792236328125
19.9499999,-1.053466796875,-3.773193359375,5.6865234375
19.9699999,-0.943115234375,-3.693115234375,5.343994140625
19.9899999,-0.677734375,-3.37841796875,5.093017578125
20.0099999,-0.22802734375,-3.082275390625,5.030029296875
20.0299999,0.137939453125,-2.9755859375,4.89111328125
20.0499999,0.303955078125,-2.876953125,4.528076171875
20.0699999,0.34521484375,-2.4228515625,3.6552734375
20.089999900000002,0.33154296875,-2.225341796875,3.262451171875
20.109999900000002,0.3818359375,-1.613037109375,1.764404296875
20.1299999,0.505615234375,-1.4013671875,1.26904296875
20.1499999,1.0498046875,-0.710693359375,0.216796875
20.1699999,1.263671875,-0.271240234375,-0.1884765625
20.1899999,1.297119140625,-0.05517578125,-0.385986328125
20.2099999,1.272705078125,0.3876953125,-0.83544921875
20.2299999,1.2548828125,0.994873046875,-1.420166015625
20.249999900000002,1.450927734375,1.20556640625,-1.464111328125
20.269999900000002,1.60546875,1.242431640625,-1.40234375
20.2899999,1.879638671875,1.283935546875,-1.277587890625
20.3099999,1.991943359375,1.5244140625,-1.47314453125
20.3299999,1.98779296875,1.646728515625,-1.63330078125
20.3499999,2.063720703125,1.865478515625,-2.025390625
20.3699999,2.12744140625,1.849609375,-2.0673828125
20.3899999,2.38623046875,1.7041015625,-1.96142578125
20.409999900000003,2.5185546875,1.698486328125,-1.88623046875
20.429999900000002,2.54345703125,1.796875,-1.916259765625
20.4499999,2.540771484375,1.899658203125,-2.018798828125
20.4699999,2.5634765625,1.921875,-2.1015625
20.4899999,2.609130859375,1.880859375,-2.118896484375
20.5099999,2.665283203125,1.83984375,-2.104736328125
20.5299999,2.713623046875,1.822265625,-2.11279296875
20.5499999,2.71728515625,1.8203125,-2.148193359375
20.5699999,2.729736328125,1.81787109375,-2.17529296875
20.589999900000002,2.795654296875,1.80224609375,-2.178955078125
20.609999900000002,2.860107421875,1.76904296875,-2.13623046875
20.6299999,2.901611328125,1.7392578125,-2.07958984375
20.6499999,2.9189453125,1.73193359375,-2.06982421875
20.6699999,2.915283203125,1.7431640625,-2.0830078125
20.6899999,2.896484375,1.770751953125,-2.097412109375
20.7099999,2.87060546875,1.799560546875,-2.12548828125
20.7299999,2.84375,1.799560546875,-2.171142578125
20.749999900000002,2.8134765625,1.7783203125,-2.205322265625
20.769999900000002,2.791259765625,1.75830078125,-2.20458984375
20.7899999,2.806640625,1.762939453125,-2.12939453125
20.8099999,2.81982421875,1.776611328125,-2.096923828125
20.8299999,2.841552734375,1.802001953125,-2.0634765625
20.8499999,2.850830078125,1.815185546875,-2.07568359375
20.8699999,2.852783203125,1.826904296875,-2.090576171875
20.8899999,2.857666015625,1.840576171875,-2.0859375
20.909999900000003,2.856689453125,1.8525390625,-2.083251953125
20.929999900000002,2.8525390625,1.848876953125,-2.104736328125
20.9499999,2.83935546875,1.8359375,-2.14111328125
20.9699999,2.80712890625,1.831787109375,-2.179931640625
20.9899999,2.77197265625,1.840576171875,-2.203857421875
21.0099999,2.748779296875,1.84619140625,-2.204833984375
21.0299999,2.72900390625,1.81787109375,-2.22412109375
21.0499999,2.68212890625,1.758056640625,-2.311279296875
21.0699999,2.672119140625,1.747314453125,-2.33837890625
21.089999900000002,2.685791015625,1.745849609375,-2.32421875
21.109999900000002,2.74169921875,1.7451171875,-2.250732421875
21.1299999,2.8310546875,1.760498046875,-2.11279296875
21.1499999,2.846435546875,1.777587890625,-2.07080078125
21.1699999,2.8466796875,1.832763671875,-2.0029296875
21.1899999,2.814208984375,1.912353515625,-1.995849609375
21.2099999,2.811279296875,1.91552734375,-2.022705078125
21.2299999,2.8232421875,1.87255859375,-2.097900390625
21.249999900000002,2.835205078125,1.791259765625,-2.166015625
21.269999900000002,2.845947265625,1.716796875,-2.197021484375
21.2899999,2.863037109375,1.662841796875,-2.192626953125
21.3099999,2.84765625,1.61181640625,-2.1787109375
21.3299999,2.77001953125,1.62158203125,-2.176513671875
21.3499999,2.693115234375,1.6572265625,-2.146728515625
21.3699999,2.71240234375,1.67919921875,-2.0791015625
21.3899999,2.79296875,1.68359375,-2.01220703125
21.409999900000003,2.813232421875,1.70361328125,-1.974609375
21.429999900000002,2.714111328125,1.699951171875,-1.971435546875
21.4499999,2.514404296875,1.588623046875,-1.99609375
21.4699999,2.2607421875,1.400390625,-2.0595703125
21.4899999,1.95947265625,1.252685546875,-2.177001953125
21.5099999,1.5625,1.185546875,-2.306640625
21.5299999,1.085205078125,1.09130859375,-2.31201171875
21.5499999,0.430419921875,0.72705078125,-2.062744140625
21.5699999,0.253662109375,0.592041015625,-1.95556640625
21.589999900000002,-0.064208984375,0.358154296875,-1.683349609375
21.609999900000002,-0.42724609375,0.10888671875,-1.1845703125
21.6299999,-0.75927734375,-0.169677734375,-0.36767578125
21.6499999,-0.94677734375,-0.446044921875,0.6630859375
21.6699999,-1.2724609375,-1.04736328125,2.3828125
21.6899999,-1.3828125,-1.38232421875,2.997314453125
21.7099999,-1.47802734375,-2.217529296875,4.31494140625
21.7299999,-1.367431640625,-2.951904296875,5.617919921875
21.749999900000002,-1.166748046875,-3.26416015625,6.631591796875
21.769999900000002,-1.015380859375,-3.205322265625,7.203857421875
21.7899999,-1.0576171875,-3.066162109375,7.34912109375
21.8099999,-1.38037109375,-3.130859375,7.0234375
21.8299999,-1.80224609375,-3.461669921875,6.315185546875
21.8499999,-2.076171875,-3.859375,5.555419921875
21.8699999,-2.046875,-4.136962890625,5.145263671875
21.8899999,-1.760498046875,-4.265380859375,5.180908203125
21.909999900000003,-1.466552734375,-4.18212890625,5.2529296875
21.929999900000002,-1.43212890625,-3.53076171875,4.728759765625
21.9499999,-1.517578125,-3.255859375,4.418701171875
21.9699999,-1.766845703125,-2.84423828125,3.8359375
21.9899999,-1.998291015625,-2.66943359375,3.466064453125
22.0099999,-2.0654296875,-2.619140625,3.2744140625
22.0299999,-1.975341796875,-2.56396484375,3.1630859375
22.0499999,-1.849853515625,-2.443115234375,3.09912109375
22.0699999,-1.743896484375,-2.3388671875,3.2607421875
22.089999900000002,-1.65869140625,-2.359619140625,3.597900390625
22.109999900000002,-1.73193359375,-2.61279296875,3.417724609375
22.1299999,-1.825927734375,-2.681884765625,3.169921875
22.1499999,-2.008544921875,-2.71142578125,2.67578125
22.1699999,-2.0888671875,-2.64794921875,2.395751953125
22.1899999,-2.08056640625,-2.572509765625,2.355712890625
22.2099999,-2.0595703125,-2.525146484375,2.425048828125
22.2299999,-2.075439453125,-2.5068359375,2.465576171875
22.249999900000002,-2.12353515625,-2.508544921875,2.421142578125
22.269999900000002,-2.142333984375,-2.48681640625,2.256591796875
22.2899999,-2.125244140625,-2.46923828125,2.211669921875
22.3099999,-2.084228515625,-2.4296875,2.172119140625
22.3299999,-2.065185546875,-2.4033203125,2.202392578125
22.3499999,-2.06103515625,-2.41943359375,2.272705078125
22.3699999,-2.052490234375,-2.47607421875,2.333251953125
22.3899999,-2.0244140625,-2.544921875,2.370849609375
22.409999900000003,-2.01708984375,-2.5478515625,2.37890625
22.429999900000002,-2.032470703125,-2.5126953125,2.380859375
22.4499999,-2.063232421875,-2.483642578125,2.357177734375
22.4699999,-2.0771484375,-2.483154296875,2.33203125
22.4899999,-2.068603515625,-2.510009765625,2.31494140625
22.5099999,-2.056884765625,-2.528564453125,2.30322265625
22.5299999,-2.052001953125,-2.521240234375,2.289794921875
22.5499999,-2.052001953125,-2.498291015625,2.2734375
22.5699999,-2.052490234375,-2.4736328125,2.261474609375
22.589999900000002,-2.04931640625,-2.45703125,2.269287109375
22.609999900000002,-2.056884765625,-2.445068359375,2.29052734375
22.6299999,-2.07666015625,-2.443115234375,2.3125
22.6499999,-2.08349609375,-2.464111328125,2.337158203125
22.6699999,-2.081298828125,-2.48193359375,2.35400390625
22.6899999,-2.080078125,-2.474365234375,2.347900390625
22.7099999,-2.0654296875,-2.46630859375,2.332275390625
22.7299999,-2.041748046875,-2.469970703125,2.324951171875
22.749999900000002,-2.03662109375,-2.461669921875,2.31689453125
22.769999900000002,-2.05224609375,-2.43896484375,2.30029296875
22.7899999,-2.0693359375,-2.427978515625,2.295654296875
22.8099999,-2.083984375,-2.437744140625,2.306396484375
22.8299999,-2.10009765625,-2.458740234375,2.299560546875
22.8499999,-2.10107421875,-2.4970703125,2.237060546875
22.8699999,-2.08935546875,-2.50634765625,2.2158203125
22.8899999,-2.056640625,-2.515625,2.19384765625
22.909999900000003,-2.032470703125,-2.506591796875,2.199951171875
22.929999900000002,-2.04296875,-2.49365234375,2.230712890625
22.9499999,-2.090576171875,-2.512451171875,2.27880859375
22.9699999,-2.115478515625,-2.643310546875,2.34619140625
22.9899999,-2.03466796875,-2.966796875,2.464599609375
23.0099999,-1.916015625,-3.256103515625,2.62109375
23.0299999,-1.857421875,-3.2861328125,2.787841796875
23.0499999,-1.79150390625,-3.20703125,3.15576171875
23.0699999,-1.652587890625,-3.23095703125,3.9521484375
23.089999900000002,-1.44580078125,-3.477783203125,4.9462890625
23.109999900000002,-1.233642578125,-3.882568359375,5.62255859375
23.1299999,-1.14794921875,-4.30029296875,5.760498046875
23.1499999,-1.27001953125,-4.68017578125,5.591796875
23.1699999,-1.500244140625,-4.964111328125,5.357177734375
23.1899999,-1.44677734375,-4.917724609375,5.28564453125
23.2099999,-1.110107421875,-4.770751953125,5.19873046875
23.2299999,-0.666259765625,-4.59765625,5.228515625
23.249999900000002,-0.261474609375,-3.873779296875,4.66259765625
23.269999900000002,-0.1953125,-3.694091796875,4.3037109375
23.2899999,-0.080078125,-3.526123046875,3.9267578125
23.3099999,0.331298828125,-3.193359375,3.304443359375
23.3299999,0.859130859375,-2.721435546875,2.9404296875
23.3499999,1.236328125,-1.912841796875,2.3173828125
23.3699999,1.250732421875,-1.678466796875,1.9091796875
23.3899999,1.310302734375,-1.244873046875,0.8701171875
23.409999900000003,1.4775390625,-0.7763671875,-0.078857421875
23.429999900000002,1.6943359375,-0.29150390625,-0.642333984375
23.4499999,1.8525390625,0.164306640625,-1.0322265625
23.4699999,1.921142578125,0.24072265625,-1.310791015625
23.4899999,2.0615234375,0.251953125,-1.53271484375
23.5099999,2.12841796875,0.268310546875,-1.59423828125
23.5299999,2.159423828125,0.51416015625,-1.653564453125
23.5499999,2.101318359375,0.8408203125,-1.707763671875
23.5699999,2.097900390625,1.177001953125,-1.779541015625
23.589999900000002,2.169921875,1.38525390625,-1.7900390625
23.609999900000002,2.263916015625,1.45947265625,-1.71435546875
23.6299999,2.34423828125,1.509765625,-1.63671875
23.6499999,2.386962890625,1.590576171875,-1.647705078125
23.6699999,2.374267578125,1.669189453125,-1.771728515625
23.6899999,2.32373046875,1.7607421875,-1.95849609375
23.7099999,2.262451171875,1.9111328125,-2.099853515625
23.7299999,2.221435546875,2.046630859375,-2.153564453125
23.749999900000002,2.21875,2.05810546875,-2.194091796875
23.769999900000002,2.235595703125,1.95654296875,-2.2783203125
23.7899999,2.2353515625,1.849365234375,-2.38134765625
23.8099999,2.229248046875,1.806396484375,-2.4765625
23.8299999,2.244873046875,1.794921875,-2.547119140625
23.8499999,2.279052734375,1.78125,-2.57373046875
23.8699999,2.303955078125,1.7734375,-2.556884765625
23.8899999,2.31494140625,1.78564453125,-2.49951171875
23.909999900000003,2.34033203125,1.806640625,-2.431884765625
23.929999900000002,2.388916015625,1.810546875,-2.3837890625
23.9499999,2.459228515625,1.78857421875,-2.342041015625
23.9699999,2.547119140625,1.765869140625,-2.274169921875
23.9899999,2.630615234375,1.764404296875,-2.188232421875
24.0099999,2.691162109375,1.776611328125,-2.1337890625
24.0299999,2.713623046875,1.771484375,-2.14697265625
24.0499999,2.70751953125,1.7255859375,-2.228271484375
24.069999900000003,2.70068359375,1.677001953125,-2.308837890625
24.089999900000002,2.691650390625,1.68798828125,-2.337646484375
24.109999900000002,2.66064453125,1.83447265625,-2.340087890625
24.1299999,2.655517578125,1.89453125,-2.337158203125
24.1499999,2.664306640625,1.97021484375,-2.330322265625
24.1699999,2.6865234375,1.97265625,-2.33251953125
24.1899999,2.698486328125,1.96142578125,-2.337890625
24.2099999,2.675537109375,1.980712890625,-2.332275390625
24.2299999,2.624267578125,2.017822265625,-2.325439453125
24.249999900000002,2.5732421875,2.015869140625,-2.340087890625
24.269999900000002,2.5380859375,1.931884765625,-2.37841796875
24.2899999,2.5078125,1.82666015625,-2.41015625
24.3099999,2.44775390625,1.809326171875,-2.43505859375
24.3299999,2.33203125,1.8857421875,-2.49169921875
24.3499999,2.169921875,1.944091796875,-2.588134765625
24.3699999,1.999755859375,1.88623046875,-2.671875
24.3899999,1.861328125,1.68798828125,-2.658447265625
24.409999900000003,1.670166015625,1.29052734375,-2.38232421875
24.429999900000002,1.591064453125,1.174072265625,-2.232666015625
24.4499999,1.2568359375,0.81689453125,-1.638671875
24.4699999,0.925537109375,0.46484375,-1.105224609375
24.4899999,0.748779296875,0.248046875,-0.814453125
24.5099999,0.4443359375,-0.174560546875,-0.190673828125
24.5299999,0.248779296875,-0.46337890625,0.560302734375
24.5499999,0.149658203125,-0.644775390625,1.419921875
24.569999900000003,0.001708984375,-0.84033203125,2.342529296875
24.589999900000002,-0.303466796875,-0.826904296875,2.485107421875
24.609999900000002,-0.77099609375,-0.83544921875,2.527587890625
24.6299999,-1.281982421875,-1.08154296875,2.867431640625
24.6499999,-1.813232421875,-1.422607421875,3.59130859375
24.6699999,-2.839111328125,-1.490478515625,5.12060546875
24.6899999,-3.1552734375,-1.46044921875,5.76416015625
24.7099999,-3.493896484375,-1.601318359375,7.10400390625
24.7299999,-3.5986328125,-2.0126953125,7.97119140625
24.749999900000002,-3.7802734375,-2.6435546875,7.999755859375
24.769999900000002,-3.82861328125,-3.0830078125,7.426025390625
24.7899999,-3.51220703125,-3.03173828125,6.8662109375
24.8099999,-3.156005859375,-2.641357421875,6.630126953125
24.8299999,-3.030029296875,-2.158447265625,6.340087890625
24.8499999,-3.067138671875,-1.943603515625,5.8388671875
24.8699999,-3.025390625,-2.17626953125,4.8037109375
24.8899999,-2.93359375,-2.303466796875,4.470458984375
24.909999900000003,-2.73779296875,-2.44189453125,3.945068359375
24.929999900000002,-2.65185546875,-2.341064453125,3.57568359375
24.9499999,-2.6328125,-2.098876953125,3.33056640625
24.9699999,-2.564697265625,-1.87939453125,3.2021484375
24.9899999,-2.41455078125,-1.6962890625,3.122802734375
25.0099999,-2.2216796875,-1.54833984375,3.01708984375
25.0299999,-2.049560546875,-1.521728515625,2.899169921875
25.0499999,-1.972900390625,-1.60205078125,2.814453125
25.069999900000003,-2.0078125,-1.694091796875,2.72509765625
25.089999900000002,-2.083251953125,-1.771240234375,2.57421875
25.109999900000002,-2.14453125,-1.820068359375,2.4052734375
25.1299999,-2.21142578125,-1.82568359375,2.287109375
25.1499999,-2.291015625,-1.818359375,2.273193359375
25.1699999,-2.343994140625,-1.824951171875,2.34228515625
25.1899999,-2.34033203125,-1.841064453125,2.4150390625
25.2099999,-2.286376953125,-1.861572265625,2.458740234375
25.2299999,-2.200927734375,-1.915283203125,2.4814453125
25.249999900000002,-2.115966796875,-2.0068359375,2.499755859375
25.269999900000002,-2.072021484375,-2.08056640625,2.507568359375
25.2899999,-2.090576171875,-2.105224609375,2.5234375
25.3099999,-2.11572265625,-2.11279296875,2.540771484375
25.3299999,-2.178955078125,-2.159912109375,2.587890625
25.3499999,-2.2255859375,-2.225830078125,2.6474609375
25.3699999,-2.228759765625,-2.26025390625,2.706298828125
25.3899999,-2.202880859375,-2.25634765625,2.736572265625
25.409999900000003,-2.162841796875,-2.225830078125,2.734375
25.429999900000002,-2.153076171875,-2.2060546875,2.730224609375
25.4499999,-2.126220703125,-2.154296875,2.72119140625
25.4699999,-2.085205078125,-2.12158203125,2.6982421875
25.4899999,-2.038818359375,-2.171142578125,2.632568359375
25.5099999,-2.031982421875,-2.2255859375,2.604248046875
25.5299999,-2.037109375,-2.245849609375,2.6064453125
25.5499999,-2.043212890625,-2.23779296875,2.62109375
25.569999900000003,-2.03857421875,-2.22900390625,2.62646484375
25.589999900000002,-2.02001953125,-2.234375,2.61083984375
25.609999900000002,-2.007080078125,-2.24169921875,2.59375
25.6299999,-1.975830078125,-2.2490234375,2.5341796875
25.6499999,-1.97119140625,-2.237548828125,2.526123046875
25.6699999,-1.9541015625,-2.1787109375,2.559326171875
25.6899999,-1.951904296875,-2.14697265625,2.617431640625
25.7099999,-1.95166015625,-2.139892578125,2.669921875
25.7299999,-1.9443359375,-2.1435546875,2.68896484375
25.749999900000002,-1.916259765625,-2.130615234375,2.6787109375
25.769999900000002,-1.899658203125,-2.129150390625,2.677490234375
25.7899999,-1.867431640625,-2.14990234375,2.685302734375
25.8099999,-1.8447265625,-2.193115234375,2.693359375
25.8299999,-1.8310546875,-2.238037109375,2.700439453125
25.8499999,-1.83251953125,-2.264892578125,2.740478515625
25.8699999,-1.84765625,-2.270751953125,2.811767578125
25.8899999,-1.852294921875,-2.2763671875,2.86572265625
25.909999900000003,-1.833984375,-2.286865234375,2.87353515625
25.929999900000002,-1.812255859375,-2.285888671875,2.847412109375
25.9499999,-1.799560546875,-2.25048828125,2.813720703125
25.9699999,-1.781494140625,-2.1904296875,2.78759765625
25.9899999,-1.749267578125,-2.1171875,2.75732421875
26.0099999,-1.713623046875,-2.033935546875,2.71728515625
26.0299999,-1.6796875,-1.990234375,2.691650390625
26.0499999,-1.6640625,-2.0205078125,2.69970703125
26.069999900000003,-1.668212890625,-2.140869140625,2.72265625
26.089999900000002,-1.681884765625,-2.309814453125,2.737548828125
26.109999900000002,-1.7119140625,-2.454833984375,2.747314453125
26.1299999,-1.74658203125,-2.542236328125,2.760986328125
26.1499999,-1.753173828125,-2.56787109375,2.7685546875
