# Time (seconds),f0,f1,f2
0.0099999,0.243408203125,-0.253662109375,0.004150390625
0.029999900000000003,0.249267578125,-0.214599609375,0.0029296875
0.0499999,0.248291015625,-0.228271484375,-0.0498046875
0.0699999,0.1953125,-0.095947265625,0.01806640625
0.08999990000000001,0.1962890625,0.015625,0.004150390625
0.10999990000000001,0.16943359375,0.02294921875,-0.00390625
0.1299999,0.138427734375,0.01416015625,0.01806640625
0.14999990000000002,0.10595703125,0.029541015625,-0.008056640625
0.1699999,0.07275390625,0.0283203125,-0.00146484375
0.1899999,0.024169921875,-0.0107421875,0.00048828125
0.20999990000000002,0.0078125,0.009521484375,-0.022216796875
0.2299999,0.059326171875,0.07275390625,-0.04052734375
0.2499999,0.044921875,0.07275390625,-0.04443359375
0.2699999,0.013916015625,0.016357421875,-0.003662109375
0.28999990000000003,0.0322265625,-0.009765625,-0.010498046875
0.3099999,0.1005859375,-0.000244140625,-0.025390625
0.3299999,0.1181640625,-0.026611328125,-0.05224609375
0.34999990000000003,0.085693359375,-0.034423828125,-0.0224609375
0.3699999,0.077880859375,-0.05322265625,-0.02490234375
0.3899999,0.042724609375,-0.077880859375,-0.05078125
0.40999990000000003,0.00732421875,-0.074951171875,-0.075927734375
0.4299999,0.02685546875,-0.088623046875,-0.10302734375
0.4499999,-0.005859375,-0.079833984375,-0.10400390625
0.4699999,-0.032958984375,-0.0751953125,-0.1015625
0.4899999,-0.078857421875,-0.006103515625,-0.0263671875
0.5099999,-0.158447265625,0.09130859375,0.053466796875
0.5299999,-0.29052734375,0.3564453125,0.13818359375
0.5499999,-0.465576171875,0.836181640625,0.30322265625
0.5699999,-0.693115234375,1.472412109375,0.626953125
0.5899998999999999,-0.843505859375,2.240966796875,1.034912109375
0.6099998999999999,-0.9462890625,3.081298828125,1.486083984375
0.6299999,-1.0400390625,3.71630859375,1.77734375
0.6499999,-1.150390625,4.300048828125,2.019287109375
0.6699999,-1.4462890625,4.897216796875,2.32373046875
0.6899999,-1.701171875,5.25341796875,2.72216796875
0.7099999,-1.76904296875,5.52392578125,3.059814453125
0.7299998999999999,-1.680908203125,5.753173828125,3.306396484375
0.7499998999999999,-1.912109375,5.927001953125,3.055908203125
0.7699999,-2.175537109375,5.95703125,2.79052734375
0.7899999,-2.172607421875,5.987548828125,2.645263671875
0.8099999,-2.155029296875,6.596923828125,2.34033203125
0.8299999,-2.860595703125,5.356689453125,1.478271484375
0.8499998999999999,-2.860595703125,5.356689453125,1.478271484375
0.8699998999999999,-2.959228515625,4.264892578125,1.322998046875
0.8899999,-3.0654296875,2.972900390625,1.53662109375
0.9099999,-2.836181640625,2.486328125,1.29638671875
0.9299999,-2.7158203125,1.6220703125,0.981689453125
0.9499999,-2.148681640625,0.873291015625,0.63818359375
0.9699998999999999,-1.415283203125,0.524658203125,0.48681640625
0.9899998999999999,-0.79052734375,-0.00927734375,0.314208984375
1.0099999,-0.7890625,-0.271240234375,0.26025390625
1.0299999,-0.72265625,-0.463623046875,0.0751953125
1.0499999,-0.528564453125,-0.79443359375,-0.09814453125
1.0699999,-0.473388671875,-1.11767578125,-0.246826171875
1.0899999,-0.20556640625,-1.111083984375,-0.37060546875
1.1099999,-0.05908203125,-1.09228515625,-0.390625
1.1299999,0.169189453125,-0.909912109375,-0.29638671875
1.1499999,0.377197265625,-0.75439453125,-0.19580078125
1.1699998999999999,0.519775390625,-0.7724609375,-0.1796875
1.1899998999999999,0.52197265625,-0.8125,-0.2138671875
1.2099999,0.43115234375,-0.74755859375,-0.24267578125
1.2299999,0.33154296875,-0.58740234375,-0.194091796875
1.2499999,0.3095703125,-0.47802734375,-0.0986328125
1.2699999,0.36279296875,-0.46435546875,-0.023681640625
1.2899999,0.402587890625,-0.478759765625,0.02294921875
1.3099999,0.357177734375,-0.44580078125,0.07666015625
1.3299999,0.27294921875,-0.362548828125,0.096435546875
1.3499999,0.16162109375,-0.26416015625,0.09130859375
1.3699999,0.067626953125,-0.193359375,0.082763671875
1.3899999,-0.0107421875,-0.044921875,0.09228515625
1.4099999,-0.0107421875,-0.044921875,0.09228515625
1.4299998999999999,0.029052734375,0.062744140625,0.10986328125
1.4499999,0.0029296875,0.1123046875,0.0888671875
1.4699999,-0.046142578125,0.076171875,0.041748046875
1.4899999,-0.06591796875,0.058837890625,0.01513671875
1.5099999,-0.003662109375,0.1044921875,0.07373046875
1.5299999,-0.003662109375,0.1044921875,0.07373046875
1.5499999,-0.064208984375,0.109130859375,0.027587890625
1.5699999,-0.064208984375,0.109130859375,0.027587890625
1.5899999,0.04296875,0.07666015625,-0.023681640625
1.6099999,0.079345703125,0.0546875,-0.055419921875
1.6299999,0.109130859375,0.10400390625,-0.091552734375
1.6499999,0.230224609375,0.024658203125,-0.055908203125
1.6699999,0.55859375,-0.08349609375,-0.12451171875
1.6899998999999999,0.817626953125,-0.31884765625,-0.188720703125
1.7099999,1.11572265625,-0.710693359375,-0.553466796875
1.7299999,1.4189453125,-1.543212890625,-0.84375
1.7499999,1.939697265625,-2.611572265625,-1.241455078125
1.7699999,2.185791015625,-3.776611328125,-1.660888671875
1.7899999,2.1806640625,-4.712890625,-1.943359375
1.8099999,2.318115234375,-5.5361328125,-2.39306640625
1.8299999,2.715576171875,-6.73095703125,-2.725341796875
1.8499999,3.059326171875,-7.783203125,-2.9228515625
1.8699999,2.4267578125,-8,-2.82421875
1.8899999,2.104736328125,-7.866455078125,-2.791015625
1.9099999,1.873779296875,-7.2685546875,-2.734375
1.9299998999999999,1.550048828125,-6.40380859375,-2.572509765625
1.9499999,1.21044921875,-5.67333984375,-2.565185546875
1.9699999,0.857666015625,-4.897705078125,-2.54931640625
1.9899999,0.715087890625,-4.326904296875,-2.598876953125
2.0099999,0.298095703125,-3.6416015625,-2.4921875
2.0299999,-0.152099609375,-2.854248046875,-2.34228515625
2.0499999,-0.350341796875,-2.22705078125,-2.2587890625
2.0699999,-0.379150390625,-2.063232421875,-2.179443359375
2.0899999,-0.4375,-2.344482421875,-2.03076171875
2.1099999,-0.56591796875,-2.319091796875,-1.723876953125
2.1299999,-0.63671875,-1.563232421875,-1.3935546875
2.1499999,-0.577392578125,-0.815185546875,-1.0888671875
2.1699999,-0.495361328125,-0.45068359375,-0.867919921875
2.1899999,-0.425537109375,-0.357666015625,-0.780517578125
2.2099999,-0.28857421875,-0.30712890625,-0.659423828125
2.2299999,-0.165771484375,-0.215087890625,-0.50439453125
2.2499999,-0.18896484375,-0.08203125,-0.3525390625
2.2699999,-0.221923828125,-0.062255859375,-0.176513671875
2.2899999,-0.18359375,-0.140625,-0.032470703125
2.3099999,-0.165283203125,-0.125,0.021728515625
2.3299999,-0.093505859375,-0.123291015625,-0.0634765625
2.3499999,0.053466796875,-0.12841796875,-0.18896484375
2.3699999,0.11962890625,-0.123291015625,-0.207275390625
2.3899999,0.06494140625,-0.19775390625,-0.109619140625
2.4099999,-0.034912109375,-0.275390625,0.016845703125
2.4299999,-0.05078125,-0.2685546875,0.043701171875
2.4499999,-0.089111328125,-0.095947265625,0.047119140625
2.4699999,-0.089111328125,-0.095947265625,0.047119140625
2.4899999,-0.08447265625,-0.0390625,-0.003662109375
2.5099999,-0.032958984375,-0.009521484375,-0.10546875
2.5299999,0.043701171875,-0.014404296875,-0.16259765625
2.5499999,0.01025390625,-0.0615234375,-0.0888671875
2.5699999,-0.076416015625,-0.108154296875,0.039306640625
2.5899999,-0.13427734375,-0.09130859375,0.090087890625
2.6099999,-0.1171875,0.00830078125,0.075439453125
2.6299999,-0.124267578125,0.1123046875,0.095458984375
2.6499999,-0.154296875,0.254150390625,0.16943359375
2.6699999,-0.210693359375,0.586669921875,0.34375
2.6899999,-0.18212890625,1.077880859375,0.5947265625
2.7099999,-0.107421875,1.56298828125,0.810791015625
2.7299999,-0.134765625,1.885986328125,0.958984375
2.7499999,-0.273681640625,2.112060546875,1.120849609375
2.7699999,-0.452392578125,2.4423828125,1.39599609375
2.7899999,-0.698974609375,2.9716796875,1.7490234375
2.8099999,-0.819091796875,3.61865234375,2.08154296875
2.8299999,-0.87548828125,4.1259765625,2.3017578125
2.8499999,-1.160888671875,4.451904296875,2.581298828125
2.8699999,-1.37255859375,4.546142578125,2.947265625
2.8899999,-1.215576171875,4.693603515625,3.279296875
2.9099999,-1.075927734375,4.9130859375,3.358642578125
2.9299999,-0.967529296875,5.093505859375,3.013671875
2.9499999,-1.01123046875,5.030517578125,2.2900390625
2.9699999,-1.31591796875,4.90576171875,2.06005859375
2.9899999,-1.112060546875,4.882080078125,2.542724609375
3.0099999,-0.82568359375,4.697509765625,2.80126953125
3.0299999,-0.840087890625,4.94140625,2.4892578125
3.0499999,-1.22119140625,4.350830078125,1.926025390625
3.0699999,-2.198486328125,2.864013671875,1.94677734375
3.0899999,-2.170166015625,2.756591796875,2.011962890625
3.1099999,-1.737548828125,2.55126953125,2.3271484375
3.1299999,-1.691162109375,2.4541015625,2.47607421875
3.1499999,-1.691162109375,2.4541015625,2.47607421875
3.1699999,-1.8447265625,2.61767578125,2.287841796875
3.1899999,-1.630615234375,2.841064453125,2.340576171875
3.2099999,-1.79052734375,3.259033203125,2.41748046875
3.2299999,-1.831298828125,3.4560546875,2.38232421875
3.2499999,-1.4580078125,3.8857421875,1.94580078125
3.2699999,-1.33740234375,3.724853515625,1.04150390625
3.2899999,-1.827880859375,2.855712890625,0.363037109375
3.3099999,-1.8837890625,1.80517578125,0.05224609375
3.3299999000000002,-1.5595703125,0.922119140625,0.029296875
3.3499999,-0.96044921875,0.528564453125,0.0986328125
3.3699999,-0.6259765625,0.394287109375,0.118896484375
3.3899999,-0.474609375,-1.634521484375,0.197021484375
3.4099999,0.25390625,-1.74169921875,0.049072265625
3.4299999,0.33251953125,-1.160888671875,-0.287841796875
3.4499999,-0.598876953125,-0.22900390625,-0.283935546875
3.4699999,-0.703369140625,0.431640625,-0.149169921875
3.4899999,-0.30517578125,0.47216796875,-0.07177734375
3.5099999,0.305419921875,-0.01416015625,-0.0322265625
3.5299999,0.4619140625,-0.57275390625,-0.0673828125
3.5499999,0.40966796875,-0.78076171875,-0.07373046875
3.5699999,0.193603515625,-0.697998046875,0.04296875
3.5899999,0.00537109375,-0.484619140625,0.180908203125
3.6099999,0.109375,-0.286865234375,0.29833984375
3.6299999,0.15966796875,-0.1669921875,0.343505859375
3.6499999,0.084228515625,-0.088623046875,0.307861328125
3.6699999,-0.09228515625,0.13427734375,0.24072265625
3.6899999,-0.10400390625,0.272705078125,0.270751953125
3.7099999,-0.108642578125,0.3525390625,0.263427734375
3.7299999,-0.00390625,0.390380859375,0.210693359375
3.7499999,-0.00390625,0.390380859375,0.210693359375
3.7699999,0.17822265625,0.239990234375,0.082275390625
3.7899999,0.344970703125,0.097412109375,0.023193359375
3.8099999,0.515869140625,-0.0693359375,-0.19873046875
3.8299999000000002,0.5263671875,-0.404541015625,-0.325927734375
3.8499999,0.720947265625,-0.85595703125,-0.418212890625
3.8699999,1.264404296875,-1.41796875,-0.458251953125
3.8899999,1.40576171875,-2.163330078125,-0.653564453125
3.9099999,1.3623046875,-2.8681640625,-0.942626953125
3.9299999,1.266845703125,-3.552001953125,-1.377197265625
3.9499999,1.246337890625,-4.5419921875,-1.762451171875
3.9699999,1.4140625,-5.907470703125,-2.17724609375
3.9899999,1.686279296875,-7.4873046875,-2.82275390625
4.0099999,1.570556640625,-8,-3.457275390625
4.029999900000001,1.22802734375,-8,-3.795166015625
4.0499999,1.39697265625,-8,-4.072265625
4.069999900000001,1.6044921875,-8,-4.22509765625
4.0899999000000005,1.216064453125,-8,-4.1318359375
4.1099999,0.610595703125,-7.694580078125,-4.027099609375
4.1299999000000005,0.419189453125,-6.910888671875,-3.953857421875
4.1499999,0.476318359375,-5.90966796875,-3.838134765625
4.1699999000000005,0.37353515625,-4.578125,-3.642578125
4.1899999,0.08056640625,-3.92236328125,-3.223876953125
4.209999900000001,-0.6435546875,-3.315185546875,-2.750732421875
4.2299999,-0.93212890625,-2.431640625,-2.407470703125
4.249999900000001,-0.7236328125,-1.74951171875,-2.060546875
4.2699999,-0.520751953125,-1.259765625,-1.662109375
4.289999900000001,-0.638427734375,-1.279296875,-1.34375
4.3099999,-0.82373046875,-1.271484375,-1.067138671875
4.329999900000001,-0.71826171875,-0.975830078125,-0.833740234375
4.3499999,-0.5087890625,-0.452392578125,-0.6142578125
4.369999900000001,-0.177490234375,-0.06201171875,-0.333740234375
4.3899999,0.02490234375,0.136962890625,-0.228759765625
4.409999900000001,-0.02734375,0.0029296875,-0.212646484375
4.4299999,-0.07177734375,-0.202880859375,-0.219482421875
4.449999900000001,-0.00341796875,-0.265869140625,-0.255615234375
4.4699999,0.013427734375,-0.260009765625,-0.20654296875
4.489999900000001,-0.033935546875,-0.186279296875,-0.023193359375
4.5099999,-0.2060546875,-0.089111328125,0.1923828125
4.529999900000001,-0.296142578125,-0.170654296875,0.31640625
4.5499999,-0.3857421875,-0.115234375,0.29150390625
4.569999900000001,-0.166259765625,0.09228515625,0.087890625
4.5899999000000005,0.071044921875,0.27880859375,-0.09912109375
4.609999900000001,0.078857421875,0.31689453125,-0.114501953125
4.6299999000000005,-0.030517578125,0.3447265625,0.000244140625
4.6499999,-0.0703125,0.392822265625,0.0703125
4.6699999000000005,-0.044189453125,0.30517578125,0.075927734375
4.6899999,-0.039794921875,0.26123046875,0.097412109375
4.709999900000001,-0.03515625,0.25341796875,0.134033203125
4.7299999,-0.05224609375,0.212890625,0.2080078125
4.749999900000001,-0.10107421875,0.2900390625,0.29541015625
4.7699999,-0.119140625,0.483154296875,0.401123046875
4.789999900000001,-0.1123046875,0.66943359375,0.4658203125
4.8099999,-0.151611328125,0.8046875,0.466064453125
4.829999900000001,-0.183837890625,1.01904296875,0.455078125
4.8499999,-0.202880859375,1.273193359375,0.52099609375
4.869999900000001,-0.27978515625,1.622314453125,0.7490234375
4.8899999,-0.252685546875,2.03271484375,1.05712890625
4.909999900000001,-0.40673828125,2.401123046875,1.401123046875
4.9299999,-0.564697265625,2.792724609375,1.79150390625
4.949999900000001,-0.666259765625,3.397705078125,2.21728515625
4.9699999,-0.688232421875,4.296630859375,2.72802734375
4.989999900000001,-0.769287109375,5.45361328125,3.232421875
5.0099999,-0.902587890625,6.59619140625,3.864501953125
5.029999900000001,-1.07861328125,7.426025390625,4.46044921875
5.0499999,-0.939208984375,7.958984375,4.538330078125
5.069999900000001,-0.42578125,7.999755859375,4.044677734375
5.0899999000000005,-0.187744140625,7.999755859375,3.402099609375
5.109999900000001,-0.0830078125,7.999755859375,2.476806640625
5.1299999000000005,-0.1875,7.8203125,1.7705078125
5.1499999,-0.870849609375,6.5283203125,2.075927734375
5.1699999000000005,-1.60302734375,6.064697265625,1.816162109375
5.1899999,-1.876953125,4.980712890625,1.571533203125
5.209999900000001,-2.545166015625,4.568115234375,1.200927734375
5.2299999,-3.098388671875,3.82861328125,1.411865234375
5.249999900000001,-1.2685546875,2.5458984375,2.084228515625
5.2699999,-1.2685546875,2.5458984375,2.084228515625
5.289999900000001,-0.70166015625,2.490478515625,1.979248046875
5.3099999,-1.2490234375,2.459716796875,1.659423828125
5.329999900000001,-1.986083984375,2.29443359375,1.45361328125
5.3499999,-1.4111328125,2.173828125,0.504638671875
5.369999900000001,-1.2451171875,1.664794921875,0.04443359375
5.3899999,-1.357177734375,0.911376953125,-0.08056640625
5.409999900000001,-0.88232421875,-0.296875,-0.125244140625
5.4299999,-0.88232421875,-0.296875,-0.125244140625
5.449999900000001,-0.566162109375,-0.49853515625,-0.1474609375
5.4699999,-0.46044921875,-0.50439453125,-0.118408203125
5.489999900000001,-0.41552734375,-0.511962890625,-0.115966796875
5.5099999,-0.227783203125,-0.462646484375,-0.1337890625
5.529999900000001,-0.02880859375,-0.3984375,-0.0859375
5.5499999,0.048583984375,-0.34765625,-0.040771484375
5.569999900000001,0.003173828125,-0.246826171875,-0.07763671875
5.5899999000000005,-0.1123046875,-0.143798828125,-0.101318359375
5.609999900000001,-0.075439453125,-0.0732421875,-0.017333984375
5.6299999000000005,-0.075439453125,-0.0732421875,-0.017333984375
5.6499999,0.024658203125,-0.05859375,-0.087158203125
5.6699999000000005,-0.1181640625,-0.156982421875,-0.089111328125
5.6899999,-0.252197265625,-0.214111328125,-0.146728515625
5.709999900000001,-0.362060546875,-0.275634765625,-0.0478515625
5.7299999,-0.29638671875,-0.5888671875,0.0498046875
5.749999900000001,-0.43359375,-0.72119140625,0.10205078125
5.7699999,-0.68359375,-0.744873046875,0.184326171875
5.789999900000001,-0.78759765625,-0.728759765625,0.149658203125
5.8099999,-0.52490234375,-0.586181640625,0.018310546875
5.829999900000001,-0.294921875,-0.461669921875,-0.104248046875
5.8499999,-0.294921875,-0.461669921875,-0.104248046875
5.869999900000001,-0.118896484375,-0.3779296875,-0.1787109375
5.8899999,0.0791015625,-0.118408203125,-0.0146484375
5.909999900000001,0.236083984375,0.06982421875,-0.01318359375
5.9299999,0.23193359375,0.3369140625,-0.135009765625
5.949999900000001,0.170654296875,0.4033203125,-0.2734375
5.9699999,0.11083984375,0.292724609375,-0.444580078125
5.989999900000001,0.3935546875,-0.218017578125,-0.553466796875
6.0099999,0.854736328125,-1.066650390625,-0.83642578125
6.029999900000001,1.054443359375,-2.033935546875,-1.362548828125
6.0499999,0.865234375,-2.964111328125,-1.9384765625
6.069999900000001,0.8603515625,-3.877197265625,-2.43505859375
6.0899999000000005,1.2138671875,-4.50439453125,-2.47900390625
6.109999900000001,1.466064453125,-4.917724609375,-2.678955078125
6.1299999000000005,0.918212890625,-5.1953125,-2.712890625
6.149999900000001,0.35205078125,-5.259033203125,-2.798095703125
6.1699999000000005,0.435791015625,-5.120849609375,-3.0810546875
6.1899999,0.71337890625,-4.75244140625,-3.04638671875
6.209999900000001,0.776123046875,-4.182373046875,-3.172607421875
6.2299999,0.64111328125,-3.696044921875,-3.36181640625
6.249999900000001,0.4248046875,-3.1279296875,-3.470703125
6.2699999,0.3662109375,-2.630615234375,-3.276123046875
6.289999900000001,0.888916015625,-2.506103515625,-2.997314453125
6.3099999,1.38037109375,-2.618896484375,-3.05029296875
6.329999900000001,1.39892578125,-2.839111328125,-3.16455078125
6.3499999,1.169921875,-2.89990234375,-3.244873046875
6.369999900000001,1.077392578125,-2.723388671875,-3.200927734375
6.3899999,0.85595703125,-2.14501953125,-2.79931640625
6.409999900000001,0.72998046875,-1.92724609375,-2.31591796875
6.4299999,0.542236328125,-1.921630859375,-2.06982421875
6.449999900000001,0.470703125,-2.112060546875,-1.904296875
6.4699999,0.73095703125,-2.021240234375,-1.8681640625
6.489999900000001,0.390380859375,-1.625244140625,-1.5087890625
6.5099999,0.21630859375,-1.224609375,-1.097412109375
6.529999900000001,0.29345703125,-0.712158203125,-0.643798828125
6.5499999,0.24853515625,-0.557373046875,-0.408447265625
6.569999900000001,-0.032470703125,-0.455322265625,-0.21728515625
6.5899999000000005,0.001708984375,-0.594482421875,-0.446533203125
6.609999900000001,-0.047607421875,-0.97314453125,-0.951416015625
6.6299999000000005,-0.20947265625,-1.453857421875,-0.905029296875
6.649999900000001,0.012939453125,-1.439208984375,-0.568115234375
6.6699999000000005,0.32763671875,-0.844970703125,-0.314208984375
6.6899999,0.336181640625,-0.17041015625,-0.078857421875
6.709999900000001,0.0263671875,0.046142578125,0.0341796875
6.7299999,-0.19580078125,0.107177734375,0.24658203125
6.749999900000001,-0.0595703125,0.1123046875,0.348876953125
6.7699999,0.119140625,0.245361328125,0.322998046875
6.789999900000001,0.0634765625,0.29345703125,0.324462890625
6.8099999,-0.066162109375,0.130615234375,0.32763671875
6.829999900000001,0.05126953125,-0.0556640625,0.192138671875
6.8499999,-0.0419921875,-0.268798828125,0.051513671875
6.869999900000001,-0.043212890625,-0.36962890625,0.17236328125
6.8899999,-0.11669921875,-0.220458984375,0.389892578125
6.909999900000001,-0.004638671875,-0.029296875,0.550048828125
6.9299999,0.116943359375,0.011962890625,0.659912109375
6.949999900000001,0.02978515625,-0.0712890625,0.813232421875
6.9699999,0.001220703125,0.004638671875,1.094970703125
6.989999900000001,0.053955078125,0.556640625,1.54443359375
7.0099999,0.069091796875,1.43798828125,1.915771484375
7.029999900000001,-0.13525390625,2.51416015625,2.27392578125
7.0499999,-0.540771484375,3.689208984375,2.79736328125
7.069999900000001,-0.5146484375,4.710205078125,3.31396484375
7.0899999000000005,-0.5908203125,6.080078125,4.029541015625
7.109999900000001,-0.4521484375,7.062255859375,4.2080078125
7.1299999000000005,-0.23828125,7.911865234375,3.944091796875
7.149999900000001,-0.052490234375,7.999755859375,3.472900390625
7.1699999000000005,-0.571533203125,7.999755859375,3.053466796875
7.1899999,-0.837890625,7.999755859375,2.740478515625
7.209999900000001,-1.732421875,6.70703125,2.2578125
7.2299999,-2.6162109375,6.125244140625,2.728515625
7.249999900000001,-3.424560546875,4.44091796875,2.805419921875
7.2699999,-3.424560546875,4.44091796875,2.805419921875
7.289999900000001,-2.75439453125,4.42529296875,1.90771484375
7.3099999,-2.52685546875,3.14697265625,0.86474609375
7.329999900000001,-2.623779296875,2.35400390625,0.37841796875
7.3499999,-2.563232421875,1.666748046875,0.181396484375
7.369999900000001,-2.51611328125,1.1591796875,-0.015380859375
7.3899999,-2.45703125,0.959228515625,-0.133544921875
7.409999900000001,-2.391357421875,0.815185546875,-0.052001953125
7.4299999,-1.331298828125,0.85009765625,0.355224609375
7.449999900000001,-1.331298828125,0.85009765625,0.355224609375
7.4699999,-0.667724609375,0.653076171875,0.467529296875
7.489999900000001,-0.48291015625,0.417236328125,0.449462890625
7.5099999,-0.36962890625,0.292236328125,0.336669921875
7.529999900000001,0.002685546875,0.22119140625,0.2744140625
7.5499999,0.182373046875,0.042236328125,0.1845703125
7.569999900000001,0.199951171875,-0.085693359375,0.1328125
7.5899999000000005,0.318359375,-0.2333984375,0.071044921875
7.609999900000001,0.447509765625,-0.4130859375,0.014404296875
7.6299999000000005,0.436767578125,-0.5791015625,-0.00927734375
7.649999900000001,0.3232421875,-0.757568359375,-0.046142578125
7.6699999000000005,0.3232421875,-0.757568359375,-0.046142578125
7.6899999,0.253173828125,-0.742431640625,-0.07861328125
7.709999900000001,0.1630859375,-0.691162109375,-0.065185546875
7.7299999,0.042724609375,-0.624755859375,-0.0263671875
7.749999900000001,-0.028076171875,-0.6513671875,-0.081298828125
7.7699999,-0.028076171875,-0.6513671875,-0.081298828125
7.789999900000001,0.041748046875,-0.775390625,-0.070068359375
7.8099999,0.041748046875,-0.775390625,-0.070068359375
7.829999900000001,-0.098876953125,-0.922119140625,-0.06494140625
7.8499999,-0.170166015625,-0.977783203125,-0.118896484375
7.869999900000001,-0.24169921875,-1.154296875,-0.07861328125
7.8899999,0.228759765625,-1.375244140625,-0.05908203125
7.909999900000001,0.228759765625,-1.375244140625,-0.05908203125
7.9299999,0.5966796875,-1.3515625,-0.096923828125
7.949999900000001,0.5966796875,-1.3515625,-0.096923828125
7.9699999,0.725341796875,-1.57373046875,-0.479248046875
7.989999900000001,1.16357421875,-2,-0.614013671875
8.0099999,1.585693359375,-2.2841796875,-0.740966796875
8.0299999,1.5439453125,-2.5,-1.029296875
8.049999900000001,1.41357421875,-2.57861328125,-1.45166015625
8.069999900000001,2.134521484375,-2.7353515625,-1.650634765625
8.0899999,1.98046875,-4.003173828125,-1.924560546875
8.1099999,1.5517578125,-5.310302734375,-2.511474609375
8.129999900000001,0.8876953125,-6.423095703125,-3.241943359375
8.149999900000001,0.824951171875,-6.92724609375,-3.85009765625
8.1699999,0.701416015625,-7.178466796875,-4.697021484375
8.1899999,0.22119140625,-8,-5.064453125
8.2099999,-0.764404296875,-8,-5.0732421875
8.229999900000001,-1.170166015625,-8,-5.614013671875
8.2499999,-0.6376953125,-7.46533203125,-5.821044921875
8.2699999,0.6533203125,-5.96435546875,-5.697998046875
8.2899999,0.5947265625,-4.816162109375,-4.68896484375
8.309999900000001,0.465576171875,-3.727294921875,-3.77783203125
8.3299999,0.138671875,-3.252685546875,-3.2001953125
8.3499999,0.3125,-2.8251953125,-2.730712890625
8.3699999,0.408203125,-2.327392578125,-2.15283203125
8.389999900000001,0.599609375,-1.94873046875,-1.46435546875
8.4099999,0.464111328125,-1.66796875,-0.9521484375
8.4299999,0.01904296875,-1.36865234375,-0.61376953125
8.4499999,-0.09765625,-1.2431640625,-0.545654296875
8.469999900000001,-0.193603515625,-1.06103515625,-0.6796875
8.4899999,0.01611328125,-1.04541015625,-0.539794921875
8.5099999,-0.303955078125,-1.00048828125,-0.67822265625
8.5299999,-0.6171875,-1.137451171875,-0.697021484375
8.549999900000001,-0.48779296875,-0.451416015625,-0.7255859375
8.569999900000001,-0.1787109375,-0.255126953125,-0.72900390625
8.5899999,-0.095703125,-0.284912109375,-0.411376953125
8.6099999,-0.122314453125,-0.326171875,-0.1767578125
8.629999900000001,-0.081298828125,-0.495849609375,0.116943359375
8.649999900000001,-0.150390625,-0.322509765625,0.037353515625
8.6699999,-0.07080078125,-0.190673828125,0.20263671875
8.6899999,0.003173828125,-0.09130859375,0.374267578125
8.709999900000001,0.00634765625,0.14990234375,0.31689453125
8.729999900000001,0.05419921875,0.146728515625,0.122802734375
8.7499999,0.0712890625,0.113525390625,-0.02880859375
8.7699999,0.157958984375,0.106201171875,-0.03173828125
8.7899999,0.08984375,0.085693359375,0.076416015625
8.809999900000001,0.152587890625,0.13330078125,0.184814453125
8.8299999,0.0869140625,0.10888671875,0.224853515625
8.8499999,0.0107421875,0.11669921875,0.1572265625
8.8699999,0.03759765625,0.19091796875,0.0810546875
8.889999900000001,0.08837890625,0.26708984375,0.09716796875
8.9099999,0.077392578125,0.389404296875,0.22314453125
8.9299999,0.10791015625,0.52001953125,0.292236328125
8.9499999,0.091064453125,0.6337890625,0.22412109375
8.969999900000001,0.120849609375,0.699462890625,0.148681640625
8.9899999,0.2392578125,0.7744140625,0.1611328125
9.0099999,0.242919921875,0.934326171875,0.381591796875
9.0299999,0.1767578125,1.166748046875,0.71142578125
9.049999900000001,-0.013916015625,1.40576171875,1.018310546875
9.069999900000001,-0.175048828125,1.700927734375,1.101318359375
9.0899999,-0.175537109375,2.06298828125,1.09033203125
9.1099999,-0.13134765625,2.473388671875,1.20361328125
9.129999900000001,-0.130126953125,2.919189453125,1.683349609375
9.149999900000001,-0.181396484375,3.48095703125,2.470703125
9.1699999,-0.251220703125,4.18115234375,3.18408203125
9.1899999,-0.275390625,5.3759765625,3.71630859375
9.209999900000001,0.1572265625,7.072509765625,3.794189453125
9.229999900000001,0.5673828125,7.999755859375,3.9912109375
9.2499999,0.767578125,7.999755859375,3.93115234375
9.2699999,0.487548828125,7.999755859375,4.11181640625
9.2899999,0.361572265625,7.999755859375,4.1787109375
9.309999900000001,0.1318359375,7.999755859375,3.01806640625
9.3299999,-0.24267578125,7.999755859375,2.530029296875
9.3499999,-1.36572265625,7.999755859375,2.6240234375
9.3699999,-3.815673828125,7.06640625,2.838623046875
9.389999900000001,-1.97509765625,4.286376953125,0.92822265625
9.4099999,-1.97509765625,4.286376953125,0.92822265625
9.4299999,-1.690673828125,2.599853515625,0
9.4499999,-1.552734375,1.912109375,-0.24169921875
9.469999900000001,-1.7158203125,2.03271484375,-0.00146484375
9.4899999,-2.050537109375,2.123046875,0.136474609375
9.5099999,-0.84423828125,1.32421875,0.365234375
9.5299999,-0.84423828125,1.32421875,0.365234375
9.549999900000001,-0.36083984375,0.770751953125,0.39794921875
9.569999900000001,0.057861328125,0.523681640625,0.686279296875
9.5899999,-0.41650390625,-0.583740234375,0.824462890625
9.6099999,-0.057861328125,-1.83740234375,0.57470703125
9.629999900000001,-0.413818359375,-1.88525390625,0.01611328125
9.649999900000001,-1.2099609375,-1.223388671875,0.05224609375
9.6699999,-0.967041015625,-0.4501953125,0.08935546875
9.6899999,-1.072021484375,0.00244140625,0.05029296875
9.709999900000001,-0.48583984375,0.15478515625,0.147216796875
9.729999900000001,-0.2861328125,-0.02392578125,0.28076171875
9.7499999,0.30224609375,-0.405029296875,0.389892578125
9.7699999,0.5185546875,-0.62255859375,0.394287109375
9.7899999,0.2890625,-0.60546875,0.361083984375
9.809999900000001,-0.00732421875,-0.42822265625,0.313232421875
9.8299999,-0.34912109375,-0.244384765625,0.1875
9.8499999,-0.34912109375,-0.244384765625,0.1875
9.8699999,-0.158203125,-0.28955078125,0.236083984375
9.889999900000001,-0.06982421875,-0.322509765625,0.298828125
9.9099999,-0.076904296875,-0.300537109375,0.306640625
9.9299999,-0.076904296875,-0.300537109375,0.306640625
9.9499999,-0.161376953125,-0.241455078125,0.200927734375
9.969999900000001,-0.2373046875,-0.1923828125,0.120849609375
9.9899999,-0.182861328125,-0.281982421875,0.074462890625
10.0099999,-0.10888671875,-0.453857421875,0.172119140625
10.0299999,0.13720703125,-0.5947265625,0.085693359375
10.049999900000001,-0.1630859375,-0.646484375,-0.33154296875
10.069999900000001,-0.375732421875,-0.93505859375,-0.440673828125
10.0899999,-0.375732421875,-0.93505859375,-0.440673828125
10.1099999,-0.06103515625,-1.507568359375,-0.57763671875
10.129999900000001,0.390625,-2.266357421875,-0.953125
10.149999900000001,-0.282958984375,-4.107421875,-1.991943359375
10.1699999,-0.48681640625,-4.779296875,-2.244384765625
10.1899999,-0.48681640625,-4.779296875,-2.244384765625
10.209999900000001,-0.089599609375,-5.530517578125,-2.54736328125
10.229999900000001,-0.48291015625,-7.19189453125,-3.841552734375
10.2499999,-0.75341796875,-7.8291015625,-4.495361328125
10.2699999,-0.577880859375,-8,-4.39794921875
10.2899999,-0.49267578125,-8,-4.849853515625
10.309999900000001,-0.8916015625,-8,-4.62646484375
10.3299999,-0.667724609375,-7.886474609375,-4.394287109375
10.3499999,0.0771484375,-6.65673828125,-4.237060546875
10.3699999,0.209716796875,-5.21533203125,-4.025146484375
10.389999900000001,-0.191162109375,-4.12744140625,-3.9580078125
10.4099999,-0.331787109375,-3.4326171875,-3.751708984375
10.4299999,-0.2939453125,-2.954345703125,-3.59765625
10.4499999,-0.40771484375,-2.7763671875,-3.387451171875
10.469999900000001,-0.623291015625,-2.474853515625,-3.009521484375
10.4899999,-0.91845703125,-2.0048828125,-2.662353515625
10.5099999,-0.965576171875,-1.700927734375,-2.3369140625
10.5299999,-0.944580078125,-1.6875,-2.121826171875
10.549999900000001,-1.104736328125,-1.579345703125,-1.735107421875
10.569999900000001,-1.23388671875,-1.267578125,-1.443603515625
10.5899999,-0.820068359375,-0.668212890625,-1.108642578125
10.6099999,-0.47119140625,-0.386474609375,-0.826171875
10.629999900000001,-0.253662109375,-0.134033203125,-0.60107421875
10.649999900000001,-0.110595703125,-0.084228515625,-0.614501953125
10.6699999,-0.050048828125,-0.095947265625,-0.61376953125
10.6899999,-0.05810546875,-0.130615234375,-0.519775390625
10.709999900000001,-0.049072265625,-0.05419921875,-0.264404296875
10.729999900000001,-0.041259765625,-0.074462890625,-0.02099609375
10.7499999,-0.0458984375,-0.107421875,0.20263671875
10.7699999,-0.088134765625,-0.2587890625,0.296142578125
10.7899999,-0.12158203125,-0.144775390625,0.355712890625
10.809999900000001,-0.068115234375,0.079833984375,0.293212890625
10.8299999,0.035400390625,0.144287109375,0.09228515625
10.8499999,0.0947265625,0.19580078125,0.00048828125
10.8699999,0.094482421875,0.163330078125,-0.006591796875
10.889999900000001,0.105712890625,0.192138671875,0.050537109375
10.9099999,0.08837890625,0.201904296875,0.14111328125
10.9299999,-0.015380859375,0.317138671875,0.22021484375
10.9499999,-0.128662109375,0.370361328125,0.306884765625
10.969999900000001,-0.223388671875,0.571533203125,0.526123046875
10.9899999,-0.156005859375,0.868896484375,0.95068359375
11.0099999,-0.47021484375,1.3720703125,1.5849609375
11.0299999,-0.425048828125,1.957763671875,2.033203125
11.049999900000001,-0.18212890625,2.405029296875,2.034912109375
11.069999900000001,0.286865234375,3.11083984375,2.07080078125
11.0899999,0.467041015625,3.440185546875,2.380126953125
11.1099999,0.467041015625,3.440185546875,2.380126953125
11.129999900000001,0.525634765625,3.705322265625,2.624267578125
11.149999900000001,0.208984375,4.62646484375,2.87646484375
11.1699999,0.208984375,4.62646484375,2.87646484375
11.1899999,0.39501953125,5.270751953125,3.03564453125
11.209999900000001,1.22607421875,6.034912109375,3.0234375
11.229999900000001,1.6826171875,6.4677734375,2.935302734375
11.2499999,0.947265625,6.85693359375,2.9365234375
11.2699999,1.27197265625,7.228271484375,2.612060546875
11.2899999,1.94775390625,7.839111328125,1.966796875
11.309999900000001,-0.00732421875,6.76318359375,0.780517578125
11.3299999,-0.00732421875,6.76318359375,0.780517578125
11.3499999,-0.97802734375,6.44140625,0.9638671875
11.3699999,-1.135498046875,6.19384765625,0.73095703125
11.389999900000001,-1.0986328125,5.739013671875,1.01513671875
11.4099999,-1.515380859375,5.4033203125,0.873291015625
11.4299999,-2.4765625,4.944091796875,0.688720703125
11.4499999,-2.720703125,3.960205078125,0.65283203125
11.469999900000001,-2.703857421875,3.301513671875,0.495849609375
11.4899999,-2.23583984375,2.474853515625,0.420166015625
11.5099999,-1.415283203125,1.53857421875,0.4365234375
11.5299999,-1.145751953125,1.255615234375,0.486572265625
11.549999900000001,-1.082275390625,1.34375,0.35498046875
11.569999900000001,-1.201171875,1.412109375,0.104248046875
11.5899999,-1.105712890625,1.2890625,0.102783203125
11.6099999,-0.689453125,0.947509765625,0.097412109375
11.629999900000001,-0.209716796875,0.60791015625,0.090087890625
11.649999900000001,-0.09033203125,0.341552734375,0.122802734375
11.6699999,-1.189208984375,-0.452880859375,-0.01416015625
11.6899999,-0.63720703125,-0.925048828125,-0.086181640625
11.709999900000001,-0.289306640625,-0.745361328125,-0.112548828125
11.729999900000001,-0.181884765625,-0.453857421875,-0.0234375
11.7499999,-0.05224609375,-0.1923828125,0.01416015625
11.7699999,0.351318359375,-0.519287109375,0.238037109375
11.7899999,0.351318359375,-0.519287109375,0.238037109375
11.809999900000001,0.33935546875,-0.719970703125,0.218505859375
11.8299999,0.296875,-0.685791015625,0.138916015625
11.8499999,0.218505859375,-0.5869140625,0.08447265625
11.8699999,0.2080078125,-0.52490234375,0.0234375
11.889999900000001,0.284912109375,-0.5498046875,-0.05615234375
11.9099999,0.341552734375,-0.703369140625,-0.17333984375
11.9299999,0.448486328125,-0.95458984375,-0.417236328125
11.9499999,0.287109375,-2.22705078125,-1.909423828125
11.969999900000001,0.287109375,-2.22705078125,-1.909423828125
11.9899999,0.0654296875,-3.761962890625,-2.756103515625
12.0099999,-0.326904296875,-5.55615234375,-2.60009765625
12.0299999,0.11962890625,-7.090576171875,-2.497314453125
12.049999900000001,-0.628173828125,-6.93359375,-2.408935546875
12.069999900000001,-0.628173828125,-6.93359375,-2.408935546875
12.0899999,-0.771728515625,-6.578125,-2.348388671875
12.1099999,-0.316162109375,-6.294189453125,-2.5595703125
12.129999900000001,0.193603515625,-6.92529296875,-3.317626953125
12.149999900000001,0.14404296875,-6.499755859375,-3.38916015625
12.1699999,-0.203857421875,-6.18701171875,-3.460693359375
12.1899999,-0.203857421875,-6.18701171875,-3.460693359375
12.209999900000001,-0.162353515625,-5.674072265625,-3.3251953125
12.229999900000001,0.423095703125,-3.86279296875,-3.593994140625
12.2499999,0.48876953125,-3.47705078125,-3.579833984375
12.2699999,0.3623046875,-3.245361328125,-3.388427734375
12.289999900000002,0.3623046875,-3.245361328125,-3.388427734375
12.309999900000001,0.326904296875,-2.954833984375,-3.067138671875
12.3299999,0.163818359375,-2.76220703125,-2.877685546875
12.3499999,-0.062255859375,-2.502197265625,-2.520751953125
12.3699999,-0.260498046875,-2.258544921875,-2.189697265625
12.389999900000001,-0.305908203125,-2.1875,-1.914794921875
12.4099999,-0.37646484375,-2.055908203125,-1.395263671875
12.4299999,-0.45556640625,-1.65185546875,-1.202392578125
12.4499999,-0.4638671875,-1.4208984375,-0.922607421875
12.469999900000001,-0.333251953125,-1.134521484375,-0.8994140625
12.4899999,-0.27978515625,-0.802490234375,-0.7138671875
12.5099999,-0.13671875,-0.256103515625,-0.662353515625
12.5299999,-0.006591796875,-0.0419921875,-0.5185546875
12.549999900000001,-0.04150390625,0.130859375,-0.390380859375
12.569999900000001,0,0.186767578125,-0.2333984375
12.5899999,0.119873046875,0.209228515625,-0.022705078125
12.6099999,0.149169921875,0.1044921875,0.095703125
12.629999900000001,0.119384765625,0.08154296875,0.21728515625
12.649999900000001,0.094970703125,0.06640625,0.255126953125
12.6699999,0.116943359375,0.160888671875,0.280517578125
12.6899999,0.072021484375,0.249267578125,0.36376953125
12.709999900000001,0.04638671875,0.306640625,0.402587890625
12.729999900000001,0.1015625,0.388671875,0.385498046875
12.7499999,0.187255859375,0.501953125,0.277099609375
12.7699999,0.20703125,0.536376953125,0.175048828125
12.789999900000002,0.109375,0.593017578125,0.194091796875
12.809999900000001,0.0791015625,0.75,0.32177734375
12.8299999,0.08251953125,1.00390625,0.441650390625
12.8499999,0.041748046875,1.28759765625,0.612548828125
12.8699999,-0.01708984375,1.608642578125,0.900634765625
12.889999900000001,-0.08056640625,2.04296875,1.357177734375
12.9099999,-0.111083984375,2.6171875,1.990966796875
12.9299999,-0.129150390625,3.38525390625,2.525146484375
12.9499999,-0.071044921875,4.23193359375,2.695556640625
12.969999900000001,-0.127197265625,5.136474609375,2.78857421875
12.9899999,-0.310546875,6.1064453125,3.030029296875
13.0099999,-0.251708984375,6.983154296875,3.418212890625
13.0299999,-0.060546875,7.546875,3.7080078125
13.049999900000001,0.431640625,7.999755859375,3.90869140625
13.069999900000001,1.205810546875,7.999755859375,3.542724609375
13.0899999,1.2275390625,7.999755859375,2.5244140625
13.1099999,-0.059814453125,7.999755859375,1.40673828125
13.129999900000001,-2.072021484375,7.999755859375,0.95068359375
13.149999900000001,-2.447509765625,7.404541015625,2.08251953125
13.1699999,-2.46337890625,6.1943359375,2.6044921875
13.1899999,-2.509765625,5.618896484375,2.457763671875
13.209999900000001,-2.697021484375,5.1396484375,1.85986328125
13.229999900000001,-3.23046875,4.3408203125,0.712890625
13.2499999,-2.871337890625,2.99658203125,0.1455078125
13.2699999,-2.493896484375,1.506591796875,0.018798828125
13.289999900000002,-1.943115234375,0.35986328125,0.10595703125
13.309999900000001,-1.376220703125,-0.000244140625,0.401611328125
13.3299999,-1.08837890625,-0.239990234375,0.04931640625
13.3499999,-0.642333984375,-0.294677734375,0.018310546875
13.3699999,-0.4423828125,-0.31884765625,0.153076171875
13.389999900000001,-0.68505859375,-0.016357421875,0.36181640625
13.4099999,-1.207763671875,1.359130859375,0.3359375
13.4299999,-2.505615234375,0.69970703125,-0.09716796875
13.4499999,-0.785888671875,0.459228515625,0.040771484375
13.469999900000001,0.000732421875,0.298583984375,0.21484375
13.4899999,0.265380859375,0.322021484375,0.464111328125
13.5099999,0.23681640625,0.259033203125,0.50048828125
13.5299999,-0.127197265625,0.064697265625,0.444091796875
13.549999900000001,-0.115234375,-0.176513671875,0.240234375
13.569999900000001,-0.0986328125,-0.3154296875,0.1083984375
13.5899999,-0.117919921875,-0.326904296875,0.231201171875
13.6099999,0.06298828125,-0.32373046875,0.329345703125
13.629999900000001,0.192138671875,-0.3671875,0.3876953125
13.649999900000001,0.150390625,-0.415283203125,0.383544921875
13.6699999,0.07666015625,-0.38916015625,0.311279296875
13.6899999,-0.005126953125,-0.281005859375,0.177001953125
13.709999900000001,-0.167236328125,-0.2451171875,0.004638671875
13.729999900000001,-0.168701171875,-0.338623046875,-0.1474609375
13.7499999,-0.039306640625,-0.566650390625,-0.304443359375
13.7699999,0.1240234375,-0.760009765625,-0.531982421875
13.789999900000002,0.084228515625,-1.09130859375,-0.8212890625
13.809999900000001,-0.074462890625,-1.64599609375,-0.942138671875
13.8299999,0.595703125,-2.9814453125,-1.505859375
13.8499999,0.595703125,-2.9814453125,-1.505859375
13.8699999,0.865234375,-3.881103515625,-2.1572265625
13.889999900000001,0.821533203125,-4.64990234375,-2.6396484375
13.9099999,0.921142578125,-5.382568359375,-2.809814453125
13.9299999,1.304443359375,-6.567626953125,-3.14453125
13.9499999,1.43359375,-8,-3.455078125
13.969999900000001,0.755126953125,-8,-3.606689453125
13.9899999,0.19580078125,-8,-3.345703125
14.0099999,-0.0009765625,-8,-3.302490234375
14.0299999,-0.365966796875,-8,-3.104736328125
14.049999900000001,-0.616455078125,-7.978759765625,-3.098388671875
14.069999900000001,-0.431884765625,-7.00244140625,-3.31201171875
14.0899999,-0.410888671875,-5.919189453125,-3.631591796875
14.1099999,-0.424072265625,-4.85302734375,-3.699462890625
14.129999900000001,-0.093505859375,-3.77734375,-3.637939453125
14.149999900000001,0.066162109375,-3.08349609375,-3.50341796875
14.1699999,-0.033935546875,-3.079833984375,-3.31591796875
14.1899999,-0.384521484375,-2.82275390625,-2.781982421875
14.209999900000001,-0.51611328125,-2.052490234375,-2.293701171875
14.229999900000001,-0.64453125,-1.558349609375,-1.778564453125
14.2499999,-1.02392578125,-1.438720703125,-1.4560546875
14.2699999,-0.974609375,-1.371826171875,-1.211181640625
14.289999900000002,-0.6611328125,-1.154296875,-1.03173828125
14.309999900000001,-0.16748046875,-0.2939453125,-0.35888671875
14.3299999,-0.16748046875,-0.2939453125,-0.35888671875
14.3499999,-0.083984375,-0.18798828125,-0.304931640625
14.3699999,0.208251953125,-0.04833984375,-0.41162109375
14.389999900000001,0.199462890625,-0.123291015625,-0.343994140625
14.4099999,0.199462890625,-0.123291015625,-0.343994140625
14.4299999,0.172119140625,-0.18408203125,-0.2490234375
14.4499999,0.149658203125,-0.24072265625,-0.02685546875
14.469999900000001,0.0634765625,-0.37060546875,0.183349609375
14.4899999,-0.09423828125,-0.396484375,0.19287109375
14.5099999,-0.054931640625,-0.2529296875,0.191650390625
14.5299999,0.024169921875,-0.1669921875,0.168212890625
14.549999900000001,0.07373046875,-0.070068359375,0.14697265625
14.569999900000001,0.0390625,-0.074462890625,0.026123046875
14.5899999,0.09912109375,0.13916015625,-0.03759765625
14.6099999,0.125,0.2646484375,0.012451171875
14.629999900000001,0.060791015625,0.224365234375,0.07275390625
14.649999900000001,0.079345703125,0.4111328125,0.18701171875
14.6699999,-0.002197265625,0.51806640625,0.322998046875
14.6899999,-0.008544921875,0.850830078125,0.60693359375
14.709999900000001,-0.083251953125,1.228759765625,0.888671875
14.729999900000001,-0.052734375,1.817626953125,1.07861328125
14.7499999,0.053466796875,2.4775390625,1.200439453125
14.7699999,0.1396484375,3.072021484375,1.323974609375
14.789999900000002,0.16796875,3.57275390625,1.608642578125
14.809999900000001,0.100341796875,4.0498046875,1.7880859375
14.8299999,0.00732421875,4.756591796875,1.85302734375
14.8499999,0.04833984375,5.408203125,1.91748046875
14.8699999,0.049072265625,5.960205078125,2.080078125
14.889999900000001,-0.084228515625,6.547119140625,2.40478515625
14.9099999,-0.050048828125,7.203125,2.989501953125
14.9299999,-0.094482421875,7.257568359375,3.12158203125
14.9499999,-0.24853515625,7.7216796875,2.472900390625
14.969999900000001,0.23095703125,7.999755859375,1.827880859375
14.9899999,-0.810546875,7.699951171875,2.134033203125
15.0099999,-0.848388671875,7.999755859375,2.740234375
15.0299999,-0.545166015625,7.999755859375,2.635986328125
15.049999900000001,-0.7373046875,7.480224609375,2.11376953125
15.069999900000001,-1.739501953125,7.451904296875,1.635009765625
15.0899999,-2.013916015625,7.031982421875,1.18994140625
15.1099999,-1.991943359375,5.38037109375,0.930908203125
15.129999900000001,-1.955078125,3.42578125,1.023193359375
15.149999900000001,-1.423583984375,2.123046875,1.00537109375
15.1699999,-1.132080078125,1.13720703125,0.643798828125
15.1899999,-1.231201171875,0.72265625,0.3310546875
15.209999900000001,-1.27392578125,0.79931640625,0.186767578125
15.229999900000001,-1.0888671875,0.900390625,0.19482421875
15.2499999,-0.87646484375,0.824951171875,0.202392578125
15.2699999,-0.692626953125,0.6884765625,0.141845703125
15.289999900000002,-1.075439453125,0.195556640625,0.210205078125
15.309999900000001,-2.193603515625,-0.7490234375,0.27587890625
15.3299999,-1.9541015625,-0.971435546875,0.039306640625
15.3499999,-0.95263671875,-0.77880859375,0.026611328125
15.3699999,-0.321533203125,-0.357177734375,-0.107666015625
15.389999900000001,0.4111328125,-0.064697265625,-0.26220703125
15.4099999,0.91552734375,0.001953125,-0.3212890625
15.4299999,0.4716796875,-0.478515625,-0.72802734375
15.4499999,0.3232421875,-1.336669921875,-1.079833984375
15.469999900000001,0.252685546875,-2.239990234375,-1.306884765625
15.4899999,0.509765625,-2.991455078125,-1.43798828125
15.5099999,0.6845703125,-3.65185546875,-1.6318359375
15.5299999,0.486083984375,-4.112060546875,-1.753173828125
15.549999900000001,0.498046875,-4.548583984375,-1.943603515625
15.569999900000001,0.64306640625,-5.093017578125,-2.197021484375
15.5899999,0.429443359375,-5.6328125,-2.46728515625
15.6099999,0.111572265625,-6.074951171875,-2.731689453125
15.629999900000001,-0.115966796875,-6.37890625,-2.86181640625
15.649999900000001,0.098876953125,-6.783935546875,-3.116943359375
15.6699999,0.98193359375,-6.942626953125,-3.68896484375
15.6899999,0.52978515625,-7.590576171875,-4.3544921875
15.709999900000001,0.41064453125,-7.701171875,-4.93701171875
15.729999900000001,0.3916015625,-7.1142578125,-5.226806640625
15.7499999,0.634765625,-6.46728515625,-5.14794921875
15.7699999,0.8408203125,-5.517822265625,-4.93212890625
15.789999900000002,0.6103515625,-5.005615234375,-4.627197265625
15.809999900000001,0.008056640625,-4.707275390625,-4.413330078125
15.8299999,0.26220703125,-4.181396484375,-3.99365234375
15.8499999,0.52490234375,-3.263427734375,-3.26025390625
15.869999900000002,0.10400390625,-2.3154296875,-2.4296875
15.889999900000001,-0.2255859375,-1.4638671875,-1.5947265625
15.9099999,-0.318359375,-0.69970703125,-0.64013671875
15.9299999,-0.318359375,-0.69970703125,-0.64013671875
15.9499999,-0.21240234375,-0.82763671875,-0.468017578125
15.969999900000001,-0.1728515625,-0.949951171875,-0.321044921875
15.9899999,-0.107177734375,-0.833984375,-0.182861328125
16.0099999,-0.122314453125,-0.566162109375,-0.046875
16.0299999,-0.135498046875,-0.412841796875,-0.022216796875
16.0499999,0.01416015625,-0.312744140625,-0.082763671875
16.0699999,0.148193359375,-0.3408203125,-0.237060546875
16.089999900000002,0.21044921875,-0.40625,-0.26953125
16.109999900000002,0.194091796875,-0.3525390625,-0.23583984375
16.1299999,0.072021484375,-0.2578125,-0.0859375
16.1499999,-0.03662109375,-0.15625,0.0595703125
16.1699999,-0.0126953125,-0.123291015625,0.2265625
16.1899999,-0.0537109375,-0.21435546875,0.298828125
16.2099999,-0.0537109375,-0.21435546875,0.298828125
16.2299999,0.017333984375,0.01171875,0.295654296875
16.249999900000002,0.056640625,0.145751953125,0.25341796875
16.269999900000002,0.063720703125,0.056884765625,0.12255859375
16.2899999,0.064453125,-0.009521484375,-0.038330078125
16.3099999,0.113525390625,-0.004150390625,-0.126220703125
16.3299999,-0.048583984375,0.0009765625,-0.08203125
16.3499999,-0.193603515625,-0.010498046875,-0.009521484375
16.3699999,-0.14794921875,-0.013671875,0.042724609375
16.3899999,-0.14794921875,-0.013671875,0.042724609375
16.4099999,-0.150390625,0.033935546875,0.095947265625
16.429999900000002,-0.130615234375,0.114013671875,0.216552734375
16.4499999,-0.060302734375,0.3134765625,0.343994140625
16.4699999,0.02294921875,0.48876953125,0.3818359375
16.4899999,-0.007080078125,0.820068359375,0.392578125
16.5099999,-0.007080078125,0.820068359375,0.392578125
16.5299999,-0.029541015625,1.462158203125,0.68896484375
16.5499999,-0.084228515625,1.844970703125,1.0537109375
16.5699999,-0.196533203125,2.2783203125,1.385498046875
16.589999900000002,-0.074951171875,2.793701171875,1.5693359375
16.609999900000002,0.0947265625,3.400390625,1.77490234375
16.6299999,-0.021240234375,4.075927734375,2.00830078125
16.6499999,-0.021240234375,4.075927734375,2.00830078125
16.6699999,-0.314208984375,5.424560546875,2.576171875
16.6899999,-0.548828125,5.698974609375,2.907470703125
16.7099999,-0.04296875,6.4736328125,3.131591796875
16.7299999,0.856689453125,6.996337890625,2.862060546875
16.749999900000002,0.347412109375,7.999755859375,2.91259765625
16.769999900000002,0.75537109375,7.999755859375,3.19873046875
16.7899999,-0.58935546875,7.999755859375,1.68359375
16.8099999,-0.630126953125,7.999755859375,-0.001708984375
16.8299999,-0.70556640625,5.965576171875,-0.77685546875
16.8499999,-2.985595703125,4.1787109375,0.94140625
16.8699999,-4.003173828125,3.838623046875,1.401123046875
16.8899999,-3.51318359375,3.956298828125,1.59375
16.9099999,-3.676025390625,3.807861328125,2.15478515625
16.929999900000002,-4.13671875,3.591796875,2.764892578125
16.9499999,-3.27294921875,3.102294921875,2.718505859375
16.9699999,-1.865478515625,2.757080078125,2.193603515625
16.9899999,-1.3486328125,2.2998046875,1.716796875
17.0099999,-1.336181640625,1.66259765625,1.248046875
17.0299999,-1.351318359375,1.24462890625,0.853759765625
17.0499999,-0.960693359375,0.86572265625,0.566650390625
17.0699999,-0.59912109375,0.59814453125,0.521240234375
17.089999900000002,-0.25244140625,0.45947265625,0.384033203125
17.109999900000002,-0.092041015625,0.39208984375,0.149658203125
17.1299999,-0.161376953125,0.28955078125,-0.0361328125
17.1499999,-0.998046875,-0.065185546875,0.00048828125
17.1699999,-0.80859375,-0.4814453125,0.09033203125
17.1899999,0.0068359375,-0.695068359375,-0.05078125
17.2099999,0.35986328125,-0.643310546875,-0.044921875
17.2299999,0.12841796875,-0.552001953125,0.16845703125
17.249999900000002,-0.012451171875,-0.34716796875,0.273193359375
17.269999900000002,-0.086669921875,-0.23583984375,0.294921875
17.2899999,-0.066162109375,-0.271484375,0.266845703125
17.3099999,0.0244140625,-0.376708984375,0.271240234375
17.3299999,0.110595703125,-0.4365234375,0.34375
17.3499999,0.071044921875,-0.369384765625,0.47265625
17.3699999,-0.033447265625,-0.17041015625,0.54052734375
17.3899999,-0.130126953125,0.038330078125,0.372314453125
17.409999900000003,-0.222900390625,0.181396484375,0.35595703125
17.429999900000002,-0.135009765625,0.31640625,0.122314453125
17.4499999,0.004638671875,0.311279296875,-0.19970703125
17.4699999,-0.056396484375,0.009765625,-0.343017578125
17.4899999,0.18115234375,-0.447021484375,-0.40087890625
17.5099999,0.703857421875,-0.889404296875,-0.5478515625
17.5299999,0.886962890625,-1.165283203125,-0.74462890625
17.5499999,0.626953125,-1.462646484375,-0.90185546875
17.5699999,0.46826171875,-1.82958984375,-1.0576171875
17.589999900000002,0.641845703125,-2.388427734375,-1.1259765625
17.609999900000002,1.070068359375,-3.0458984375,-1.286865234375
17.6299999,1.45654296875,-3.711181640625,-1.55517578125
17.6499999,1.43310546875,-4.289306640625,-1.95947265625
17.6699999,1.2197265625,-4.768310546875,-2.35546875
17.6899999,1.223876953125,-5.6142578125,-2.93017578125
17.7099999,1.72802734375,-7.04833984375,-4.099853515625
17.7299999,1.851318359375,-8,-5.06494140625
17.749999900000002,1.403564453125,-8,-5.214111328125
17.769999900000002,1.017578125,-8,-4.449951171875
17.7899999,0.863037109375,-8,-3.65478515625
17.8099999,0.52294921875,-7.59375,-3.486572265625
17.8299999,0.803955078125,-7.012451171875,-3.862548828125
17.8499999,1.18798828125,-6.29052734375,-3.569091796875
17.8699999,0.82958984375,-4.68505859375,-3.8330078125
17.8899999,0.85498046875,-3.70703125,-3.307861328125
17.909999900000003,0.431640625,-3.287353515625,-2.5322265625
17.929999900000002,0.021728515625,-3.244873046875,-1.9404296875
17.9499999,-0.072509765625,-2.915771484375,-1.37939453125
17.9699999,-0.378662109375,-2.1328125,-1.1337890625
17.9899999,-0.00439453125,-1.4228515625,-1.084716796875
18.0099999,0.04931640625,-1.04443359375,-0.923828125
18.0299999,-0.464599609375,-1.649169921875,-0.109130859375
18.0499999,-0.092529296875,-1.2041015625,0.19091796875
18.0699999,-0.4970703125,-1.113525390625,-0.126220703125
18.089999900000002,0.277099609375,0.114501953125,-0.495849609375
18.109999900000002,0.18603515625,-0.240966796875,-0.444091796875
18.1299999,0.18603515625,-0.240966796875,-0.444091796875
18.1499999,0.177001953125,-0.302001953125,-0.3359375
18.1699999,0.156005859375,-0.35498046875,-0.173583984375
18.1899999,0.027587890625,-0.422119140625,-0.050537109375
18.2099999,-0.021240234375,-0.269287109375,0.116943359375
18.2299999,-0.072998046875,-0.156005859375,0.247314453125
18.249999900000002,0.121337890625,0.182373046875,0.32177734375
18.269999900000002,0.234130859375,0.138916015625,0.21142578125
18.2899999,0.23193359375,0.04150390625,0.046142578125
18.3099999,0.090087890625,-0.076171875,-0.12060546875
18.3299999,0.095458984375,-0.057373046875,-0.142578125
18.3499999,0.01416015625,-0.061767578125,-0.103515625
18.3699999,0.002685546875,0.011962890625,-0.015380859375
18.3899999,-0.013916015625,-0.030517578125,0.0556640625
18.409999900000003,0.01806640625,0.0078125,0.0380859375
18.429999900000002,0.10498046875,0.10302734375,0.019287109375
18.4499999,0.064697265625,0.046630859375,0.058837890625
18.4699999,0.064697265625,0.046630859375,0.058837890625
18.4899999,0.05908203125,0.04345703125,-0.000732421875
18.5099999,0.068359375,0.030517578125,-0.07568359375
18.5299999,0.13037109375,0.048095703125,-0.09765625
18.5499999,-0.020751953125,0.133056640625,0.033447265625
18.5699999,-0.020751953125,0.133056640625,0.033447265625
18.589999900000002,-0.0341796875,0.266845703125,0.0771484375
18.609999900000002,0.0068359375,0.40478515625,0.095947265625
18.6299999,-0.064453125,0.68212890625,0.229736328125
18.6499999,-0.0302734375,1.0078125,0.404052734375
18.6699999,-0.0302734375,1.0078125,0.404052734375
18.6899999,0.04736328125,1.45849609375,0.55419921875
18.7099999,-0.154541015625,2.73681640625,0.93701171875
18.7299999,-0.262939453125,3.578369140625,1.27685546875
18.749999900000002,-0.529052734375,4.430419921875,1.458740234375
18.769999900000002,-0.86376953125,5.410400390625,1.634521484375
18.7899999,-1.310791015625,6.751953125,1.81103515625
18.8099999,-2.1884765625,7.999755859375,1.62890625
18.8299999,-1.47314453125,7.999755859375,2.120849609375
18.8499999,-1.135009765625,7.999755859375,1.93408203125
18.8699999,-3.054931640625,7.999755859375,2.634521484375
18.8899999,-2.3857421875,7.999755859375,3.4677734375
18.909999900000003,-0.796630859375,7.999755859375,4.43603515625
18.929999900000002,0.406982421875,7.999755859375,1.73046875
18.9499999,-1.700927734375,7.999755859375,0.0009765625
18.9699999,-4.016845703125,4.4677734375,0.747802734375
18.9899999,-3.885986328125,2.583251953125,0.845947265625
19.0099999,-2.736328125,2.339599609375,0.825439453125
19.0299999,-2.040771484375,2.565185546875,1.404052734375
19.0499999,-1.652099609375,2.270263671875,1.3369140625
19.0699999,-1.940185546875,1.64404296875,0.88720703125
19.089999900000002,-2.2763671875,1.015625,0.702392578125
19.109999900000002,-2.883544921875,0.6787109375,0.872314453125
19.1299999,-1.5244140625,0.4990234375,0.6669921875
19.1499999,-0.548095703125,0.572265625,0.57373046875
19.1699999,-2.407470703125,-0.340576171875,0.44921875
19.1899999,-2.337646484375,-0.868408203125,0.396728515625
19.2099999,-0.92822265625,-0.570068359375,0.07958984375
19.2299999,-0.483642578125,-0.56591796875,0.332275390625
19.249999900000002,-0.002685546875,-0.321044921875,0.2080078125
19.269999900000002,0.1494140625,-0.18701171875,0.187744140625
19.2899999,0.279296875,-0.063720703125,0.203125
19.3099999,0.322509765625,-0.012451171875,0.193115234375
19.3299999,0.255126953125,-0.06640625,0.226806640625
19.3499999,0.28369140625,-0.074951171875,0.305908203125
19.3699999,0.366943359375,-0.07421875,0.391357421875
19.3899999,0.413330078125,-0.0595703125,0.49072265625
19.409999900000003,0.314697265625,-0.052734375,0.58740234375
19.429999900000002,0.198486328125,-0.03369140625,0.62255859375
19.4499999,0.02880859375,0.0048828125,0.5986328125
19.4699999,-0.12890625,0.053955078125,0.515380859375
19.4899999,-0.18408203125,0.10009765625,0.420166015625
19.5099999,-0.231201171875,0.10400390625,0.3603515625
19.5299999,-0.183349609375,0.086181640625,0.3291015625
19.5499999,-0.195556640625,0.098388671875,0.305419921875
19.5699999,-0.18212890625,0.06787109375,0.2626953125
19.589999900000002,-0.10693359375,0.06640625,0.193115234375
19.609999900000002,-0.05908203125,0.052978515625,0.106201171875
19.6299999,-0.012451171875,0.035888671875,-0.037109375
19.6499999,0.00634765625,0.023193359375,-0.124755859375
19.6699999,0.052001953125,0.015869140625,-0.142822265625
19.6899999,0.196044921875,0.0576171875,-0.19287109375
19.7099999,0.234130859375,0.06689453125,-0.3818359375
19.7299999,0.092041015625,-0.018798828125,-0.56982421875
19.749999900000002,-0.015625,-0.163330078125,-0.66552734375
19.769999900000002,-0.03759765625,-0.361083984375,-0.67431640625
19.7899999,0.156494140625,-0.674072265625,-0.713134765625
19.8099999,0.42236328125,-1.048583984375,-0.762451171875
19.8299999,0.635009765625,-1.33447265625,-0.964599609375
19.8499999,0.560791015625,-1.6025390625,-1.301513671875
19.8699999,0.30419921875,-1.84716796875,-1.654541015625
19.8899999,0.21923828125,-2.2001953125,-1.962646484375
19.909999900000003,0.599365234375,-2.85693359375,-2.148681640625
19.929999900000002,1.175537109375,-3.604248046875,-2.40673828125
19.9499999,1.392333984375,-4.279296875,-2.732177734375
19.9699999,0.831787109375,-4.754150390625,-2.938720703125
19.9899999,0.55615234375,-5.09716796875,-2.98828125
20.0099999,1.004638671875,-5.74462890625,-3.212890625
20.0299999,1.39599609375,-6.92236328125,-3.935302734375
20.0499999,1.39599609375,-6.92236328125,-3.935302734375
20.0699999,0.620849609375,-7.3427734375,-3.997314453125
20.089999900000002,0.424072265625,-7.206298828125,-3.86474609375
20.109999900000002,0.5224609375,-6.59375,-3.697021484375
20.1299999,1.0126953125,-5.483154296875,-3.4541015625
20.1499999,0.811279296875,-4.88818359375,-3.23388671875
20.1699999,0.6484375,-4.363037109375,-3.24072265625
20.1899999,0.58935546875,-3.822998046875,-3.230712890625
20.2099999,0.35009765625,-3.61279296875,-3.06689453125
20.2299999,0.0908203125,-3.12060546875,-2.70556640625
20.249999900000002,0.0400390625,-2.390869140625,-2.11279296875
20.269999900000002,0.10400390625,-1.98681640625,-1.572021484375
20.2899999,0.062744140625,-1.924072265625,-1.2880859375
20.3099999,-0.00146484375,-1.98193359375,-1.22265625
20.3299999,-0.078369140625,-1.77978515625,-1.072021484375
20.3499999,-0.04296875,-1.39599609375,-0.687744140625
20.3699999,0.10595703125,-0.837158203125,-0.443359375
20.3899999,0.104248046875,-0.54541015625,-0.403076171875
20.409999900000003,0.104248046875,-0.54541015625,-0.403076171875
20.429999900000002,0.10498046875,-0.43505859375,-0.558837890625
20.4499999,0.180908203125,-0.32861328125,-0.485107421875
20.4699999,0.12109375,-0.340576171875,-0.31884765625
20.4899999,0.0732421875,-0.388916015625,-0.12353515625
20.5099999,0.04296875,-0.4296875,-0.064697265625
20.5299999,0.0283203125,-0.375732421875,-0.020263671875
20.5499999,0.01953125,-0.33203125,0.070068359375
20.5699999,0.01953125,-0.1826171875,0.12744140625
20.589999900000002,0.120849609375,-0.124755859375,0.17138671875
20.609999900000002,0.07958984375,-0.032470703125,0.028564453125
20.6299999,0.114501953125,-0.042724609375,-0.006103515625
20.6499999,0.03515625,-0.06201171875,-0.056884765625
20.6699999,-0.007568359375,-0.1748046875,-0.01904296875
20.6899999,-0.044677734375,-0.162353515625,0.019287109375
20.7099999,-0.072998046875,-0.19140625,0.04052734375
20.7299999,-0.046142578125,-0.19091796875,0.074951171875
20.749999900000002,-0.01220703125,-0.135498046875,0.077392578125
20.769999900000002,-0.028076171875,-0.060791015625,0.054931640625
20.7899999,-0.0166015625,-0.019775390625,0.022705078125
20.8099999,0.008544921875,0.000244140625,-0.047607421875
20.8299999,0.008544921875,0.000244140625,-0.047607421875
20.8499999,-0.032470703125,-0.079345703125,-0.010986328125
20.8699999,-0.0009765625,-0.05322265625,-0.002197265625
20.8899999,-0.01220703125,-0.072021484375,0.00537109375
20.909999900000003,-0.018310546875,-0.069580078125,0.0419921875
20.929999900000002,-0.009521484375,-0.08349609375,0.0302734375
20.9499999,-0.00341796875,-0.116943359375,0.01025390625
20.9699999,0.001953125,-0.088623046875,0.017578125
20.9899999,-0.0048828125,-0.06494140625,0.049072265625
21.0099999,0.0126953125,-0.06005859375,0.06396484375
21.0299999,0.012939453125,-0.030517578125,0.07470703125
21.0499999,0.018798828125,0.0302734375,0.054443359375
21.0699999,0.03125,0.128662109375,0.049560546875
21.089999900000002,0.049560546875,0.17626953125,0.02392578125
21.109999900000002,0.0576171875,0.20556640625,0.002197265625
21.1299999,0.02734375,0.197021484375,-0.003662109375
21.1499999,0.02978515625,0.175537109375,-0.00341796875
21.1699999,0.05419921875,0.1396484375,0.01123046875
21.1899999,0.073974609375,0.127197265625,0.066650390625
21.2099999,0.0927734375,0.1318359375,0.131103515625
21.2299999,0.09033203125,0.1572265625,0.176025390625
21.249999900000002,0.11962890625,0.15380859375,0.190185546875
21.269999900000002,0.089599609375,0.175048828125,0.1796875
21.2899999,0.13037109375,0.19384765625,0.16748046875
21.3099999,0.087890625,0.232421875,0.15283203125
21.3299999,0.0703125,0.350341796875,0.179443359375
21.3499999,0.031982421875,0.427490234375,0.219482421875
21.3699999,0.125244140625,0.511962890625,0.22900390625
21.3899999,0.15966796875,0.4970703125,0.20166015625
21.409999900000003,0.087158203125,0.5390625,0.252197265625
21.429999900000002,0.087646484375,0.58447265625,0.370849609375
21.4499999,0.10986328125,0.749267578125,0.562255859375
21.4699999,0.0751953125,0.938720703125,0.723388671875
21.4899999,0.040771484375,1.311767578125,0.861328125
21.5099999,0.01904296875,1.901123046875,1.076171875
21.5299999,0.011474609375,2.744384765625,1.4638671875
21.5499999,0.044921875,3.5654296875,1.867431640625
21.5699999,-0.09130859375,4.451904296875,2.2744140625
21.589999900000002,-0.390625,5.4189453125,2.669677734375
21.609999900000002,-0.563720703125,6.417724609375,3.103759765625
21.6299999,-0.51611328125,7.240966796875,3.4208984375
21.6499999,-0.281494140625,7.89794921875,3.537109375
21.6699999,-0.197998046875,7.999755859375,3.58154296875
21.6899999,-0.18310546875,7.999755859375,3.49853515625
21.7099999,-0.01416015625,7.999755859375,2.94775390625
21.7299999,-0.594970703125,7.999755859375,2.1279296875
21.749999900000002,-1.25439453125,7.999755859375,1.418212890625
21.769999900000002,-2.470458984375,6.634033203125,1.688720703125
21.7899999,-2.976806640625,5.326416015625,1.9501953125
21.8099999,-3.20751953125,3.9521484375,2.28369140625
21.8299999,-2.34765625,2.9912109375,2.471435546875
21.8499999,-2.08203125,3.04638671875,2.214599609375
21.8699999,-1.958984375,2.991455078125,1.893798828125
21.8899999,-1.205322265625,2.039306640625,0.3232421875
21.909999900000003,-1.205322265625,2.039306640625,0.3232421875
21.929999900000002,-1.314453125,1.146484375,0.02783203125
21.9499999,-1.253662109375,0.701416015625,-0.054931640625
21.9699999,-0.538330078125,0.233642578125,0.1298828125
21.9899999,-0.538330078125,0.233642578125,0.1298828125
22.0099999,-0.116455078125,0.22021484375,0.30517578125
22.0299999,-0.067138671875,0.324951171875,0.327880859375
22.0499999,-0.21240234375,0.379638671875,0.350830078125
22.0699999,-0.267578125,0.254150390625,0.27978515625
22.089999900000002,-1.5029296875,-0.331787109375,0.3974609375
22.109999900000002,-0.509033203125,-0.482177734375,0.2041015625
22.1299999,0.08203125,-0.450927734375,0.111572265625
22.1499999,0.118408203125,-0.307373046875,0.103271484375
22.1699999,0.1044921875,-0.113525390625,0.0810546875
22.1899999,0.0654296875,0.015380859375,0.097412109375
22.2099999,0.158447265625,0.0322265625,0.098388671875
22.2299999,0.144287109375,-0.021728515625,0.11376953125
22.249999900000002,0.11865234375,-0.064697265625,0.10595703125
22.269999900000002,0.071044921875,-0.047119140625,0.093017578125
22.2899999,0.00927734375,-0.015380859375,0.08544921875
22.3099999,-0.091796875,-0.00537109375,0.0830078125
22.3299999,-0.144775390625,0.00830078125,0.0947265625
22.3499999,-0.141357421875,0.01171875,0.123779296875
22.3699999,-0.1533203125,-0.006591796875,0.1103515625
22.3899999,-0.17626953125,-0.017333984375,0.08740234375
22.409999900000003,-0.184814453125,-0.0185546875,0.042236328125
22.429999900000002,-0.13330078125,-0.02978515625,0.018798828125
22.4499999,-0.06884765625,-0.025146484375,0.0244140625
22.4699999,-0.02294921875,-0.021728515625,0.052001953125
22.4899999,-0.004638671875,-0.01025390625,0.06591796875
22.5099999,-0.00048828125,-0.011474609375,0.05078125
22.5299999,0.005615234375,-0.023681640625,0.032958984375
22.5499999,0.0048828125,-0.02978515625,0.018798828125
22.5699999,0.000732421875,-0.032470703125,0.0224609375
22.589999900000002,-0.005615234375,-0.02490234375,0.0166015625
22.609999900000002,-0.017333984375,-0.02001953125,0.018310546875
22.6299999,-0.027587890625,-0.016357421875,0.02783203125
22.6499999,-0.04541015625,-0.009765625,0.03857421875
22.6699999,-0.052978515625,-0.015869140625,0.00830078125
22.6899999,-0.052978515625,-0.015869140625,0.00830078125
22.7099999,-0.05078125,-0.00439453125,0.01220703125
22.7299999,-0.047607421875,-0.005126953125,0.006103515625
22.749999900000002,-0.046875,-0.01708984375,-0.009033203125
22.769999900000002,-0.043701171875,-0.0126953125,-0.01123046875
22.7899999,-0.057861328125,-0.00048828125,0.010498046875
22.8099999,-0.068359375,-0.00048828125,0.02734375
22.8299999,-0.076904296875,-0.01806640625,0.03466796875
22.8499999,-0.081787109375,-0.02294921875,0.038818359375
22.8699999,-0.130615234375,-0.014404296875,0.03564453125
22.8899999,-0.130615234375,-0.014404296875,0.03564453125
22.909999900000003,-0.2275390625,0.004638671875,-0.0029296875
22.929999900000002,-0.2275390625,0.004638671875,-0.0029296875
22.9499999,-0.174560546875,0.01025390625,0.029541015625
22.9699999,-0.04833984375,0.029052734375,-0.04736328125
22.9899999,-0.04833984375,0.029052734375,-0.04736328125
23.0099999,0.162353515625,0.05859375,-0.447998046875
23.0299999,-0.04833984375,0.06689453125,-0.821044921875
23.0499999,-0.1435546875,0.019775390625,-0.8916015625
23.0699999,-0.1435546875,0.019775390625,-0.8916015625
23.089999900000002,0.480224609375,-1.203369140625,-1.1513671875
23.109999900000002,0.74169921875,-2.18408203125,-1.389404296875
23.1299999,0.99951171875,-3.14501953125,-1.7177734375
23.1499999,1.19775390625,-3.814208984375,-2.211181640625
23.1699999,1.09033203125,-4.38232421875,-2.6611328125
23.1899999,0.8271484375,-4.945556640625,-2.8955078125
23.2099999,0.728515625,-5.4326171875,-3.22265625
23.2299999,1.383544921875,-6.0009765625,-3.7509765625
23.249999900000002,1.20751953125,-6.552978515625,-4.018310546875
23.269999900000002,0.776611328125,-6.755859375,-3.8623046875
23.2899999,0.09814453125,-6.771240234375,-3.99072265625
23.3099999,-0.22265625,-6.5703125,-4.158203125
23.3299999,0.30322265625,-6.44140625,-4.4169921875
23.3499999,0.85888671875,-6.354736328125,-4.4697265625
23.3699999,1.091552734375,-5.64208984375,-4.289306640625
23.3899999,1.06396484375,-4.69873046875,-4.005126953125
23.409999900000003,0.831787109375,-3.95849609375,-3.607177734375
23.429999900000002,1.147705078125,-3.449951171875,-3.04638671875
23.4499999,1.1884765625,-2.9482421875,-2.674072265625
23.4699999,1.158203125,-2.48681640625,-2.23876953125
23.4899999,0.63427734375,-2.27490234375,-2.02197265625
23.5099999,0.20166015625,-2.066162109375,-1.961669921875
23.5299999,-0.08740234375,-1.748046875,-1.814453125
23.5499999,-0.250732421875,-1.530517578125,-1.626953125
23.5699999,-0.361572265625,-1.451904296875,-1.357421875
23.589999900000002,-0.398681640625,-1.384033203125,-1.09521484375
23.609999900000002,-0.31494140625,-1.297119140625,-0.958984375
23.6299999,-0.205078125,-1.237548828125,-0.816650390625
23.6499999,-0.119384765625,-1.10498046875,-0.802001953125
23.6699999,-0.056640625,-1.0625,-0.71533203125
23.6899999,-0.09912109375,-0.885498046875,-0.620361328125
23.7099999,-0.081787109375,-0.64599609375,-0.493896484375
23.7299999,-0.0087890625,-0.614990234375,-0.279541015625
23.749999900000002,-0.06103515625,-0.75927734375,0.016357421875
23.769999900000002,-0.263916015625,-0.90185546875,0.17431640625
23.7899999,-0.3232421875,-0.849609375,0.26806640625
23.8099999,-0.212646484375,-0.70068359375,0.32568359375
23.8299999,-0.154296875,-0.4951171875,0.23779296875
23.8499999,-0.029052734375,-0.204345703125,0.095703125
23.8699999,0.083740234375,-0.01025390625,-0.02880859375
23.8899999,0.1201171875,0.0751953125,-0.048095703125
23.909999900000003,0.047607421875,0.04833984375,0.00390625
23.929999900000002,-0.04150390625,0.041015625,0.07958984375
23.9499999,-0.044677734375,0.10791015625,0.17236328125
23.9699999,-0.00341796875,0.1796875,0.133056640625
23.9899999,0.0703125,0.236328125,0.07861328125
24.0099999,0.066162109375,0.234619140625,0.09375
24.0299999,0.0419921875,0.15869140625,0.119384765625
24.0499999,0.036865234375,0.121337890625,0.127685546875
24.069999900000003,0.01513671875,0.12451171875,0.09326171875
24.089999900000002,0.013916015625,0.10498046875,0.048828125
24.109999900000002,-0.0517578125,0.092041015625,0.046875
24.1299999,-0.041015625,0.13037109375,0.068359375
24.1499999,-0.010009765625,0.19775390625,0.133544921875
24.1699999,0.004638671875,0.213623046875,0.15771484375
24.1899999,0.0634765625,0.270263671875,0.0986328125
24.2099999,0.15576171875,0.377197265625,0.103759765625
24.2299999,0.125,0.41015625,0.165771484375
24.249999900000002,0.18701171875,0.510498046875,0.254638671875
24.269999900000002,0.231201171875,0.604736328125,0.374267578125
24.2899999,0.21728515625,0.7041015625,0.427001953125
24.3099999,0.2294921875,0.8359375,0.427978515625
24.3299999,0.242431640625,1.033935546875,0.534912109375
24.3499999,0.237548828125,1.335693359375,0.769775390625
24.3699999,0.252685546875,1.761962890625,1.069091796875
24.3899999,0.2861328125,2.255615234375,1.33154296875
24.409999900000003,0.310302734375,2.76904296875,1.47705078125
24.429999900000002,0.410400390625,3.41259765625,1.5234375
24.4499999,0.48291015625,4.029541015625,1.68408203125
24.4699999,0.501708984375,4.59228515625,1.978515625
24.4899999,0.573486328125,5.028564453125,2.271240234375
24.5099999,0.628662109375,5.435791015625,2.37939453125
24.5299999,0.73095703125,5.976806640625,2.285400390625
24.5499999,0.833740234375,6.185791015625,2.263671875
24.569999900000003,0.58349609375,5.943115234375,2.18994140625
24.589999900000002,0.09033203125,5.57373046875,2.167724609375
24.609999900000002,-0.045166015625,5.770263671875,2.5
24.6299999,0.175537109375,6.447998046875,2.7109375
24.6499999,0.556640625,7.59765625,2.4384765625
24.6699999,0.793701171875,7.999755859375,2.224365234375
24.6899999,-0.46826171875,7.999755859375,1.9580078125
24.7099999,-0.46826171875,7.999755859375,1.9580078125
24.7299999,-0.2041015625,7.999755859375,1.81884765625
24.749999900000002,-0.877197265625,7.618896484375,1.280517578125
24.769999900000002,-0.894775390625,6.549560546875,1.21728515625
24.7899999,-3.09912109375,4.16015625,0.560302734375
24.8099999,-1.765380859375,2.177978515625,-0.769775390625
24.8299999,-1.765380859375,2.177978515625,-0.769775390625
24.8499999,-1.355712890625,0.98095703125,-0.719970703125
24.8699999,-1.149169921875,0.1328125,-0.602294921875
24.8899999,-0.9482421875,-0.522705078125,-0.685791015625
24.909999900000003,-0.9482421875,-0.522705078125,-0.685791015625
24.929999900000002,-0.440185546875,-0.493408203125,-0.730224609375
24.9499999,-0.4619140625,-0.614013671875,-0.651611328125
24.9699999,-0.8408203125,-0.61328125,-0.59130859375
24.9899999,-0.5927734375,-0.444580078125,-0.6044921875
25.0099999,-0.3154296875,-0.318115234375,-0.573974609375
25.0299999,-0.42431640625,-0.396484375,-0.382568359375
25.0499999,0.244873046875,-0.322998046875,-0.15673828125
25.069999900000003,0.377197265625,-0.409912109375,-0.048828125
25.089999900000002,0.20361328125,-0.394775390625,-0.008056640625
25.109999900000002,0.20361328125,-0.394775390625,-0.008056640625
25.1299999,0.065185546875,-0.31591796875,0.001708984375
25.1499999,-0.0830078125,-0.099365234375,-0.0390625
25.1699999,-0.25732421875,-0.051513671875,-0.015380859375
25.1899999,-0.245361328125,-0.017578125,-0.00146484375
25.2099999,-0.18505859375,-0.03955078125,0.048828125
25.2299999,-0.175048828125,-0.0927734375,0.09716796875
25.249999900000002,-0.2138671875,-0.153076171875,0.07421875
25.269999900000002,-0.25439453125,-0.1806640625,0.035888671875
25.2899999,-0.251953125,-0.18603515625,0.03466796875
25.3099999,-0.22412109375,-0.172607421875,0.042236328125
25.3299999,-0.171142578125,-0.12841796875,0.03564453125
25.3499999,-0.11328125,-0.115966796875,0.020751953125
25.3699999,-0.06982421875,-0.143798828125,-0.000244140625
25.3899999,-0.0810546875,-0.204345703125,0.00439453125
25.409999900000003,-0.129638671875,-0.20556640625,-0.081787109375
25.429999900000002,-0.191650390625,-0.223876953125,-0.107666015625
25.4499999,-0.140625,-0.228759765625,-0.099853515625
25.4699999,-0.084716796875,-0.261962890625,-0.064208984375
25.4899999,-0.027099609375,-0.27880859375,-0.031494140625
25.5099999,0.005615234375,-0.277587890625,-0.018798828125
25.5299999,-0.03662109375,-0.278564453125,-0.020263671875
25.5499999,-0.05224609375,-0.27490234375,-0.03466796875
25.569999900000003,-0.021240234375,-0.273681640625,-0.037841796875
25.589999900000002,-0.007080078125,-0.28466796875,-0.044189453125
25.609999900000002,-0.02734375,-0.289794921875,-0.045166015625
25.6299999,-0.029541015625,-0.267333984375,-0.06201171875
25.6499999,-0.04931640625,-0.229736328125,-0.056884765625
25.6699999,-0.051513671875,-0.2001953125,-0.040771484375
25.6899999,-0.06787109375,-0.193359375,-0.033203125
25.7099999,-0.079833984375,-0.20166015625,-0.03515625
25.7299999,-0.091552734375,-0.193603515625,-0.068115234375
25.749999900000002,-0.124267578125,-0.1953125,-0.059326171875
25.769999900000002,-0.086181640625,-0.167724609375,-0.043212890625
25.7899999,-0.044921875,-0.164306640625,-0.01025390625
25.8099999,-0.021240234375,-0.16845703125,0.025390625
25.8299999,0.00048828125,-0.140380859375,0.0283203125
25.8499999,-0.03662109375,-0.13720703125,0.01708984375
25.8699999,-0.046142578125,-0.15869140625,-0.00390625
25.8899999,-0.0400390625,-0.194091796875,0.009521484375
25.909999900000003,-0.008544921875,-0.242431640625,0.006103515625
25.929999900000002,-0.015380859375,-0.300537109375,0.0341796875
25.9499999,-0.00537109375,-0.335205078125,0.029052734375
25.9699999,-0.042724609375,-0.339599609375,0.023681640625
25.9899999,-0.077880859375,-0.310791015625,-0.022216796875
26.0099999,-0.171630859375,-0.229248046875,-0.01318359375
26.0299999,-0.0537109375,-0.19384765625,0.083984375
26.0499999,0.051513671875,-0.20751953125,0.1962890625
26.069999900000003,0.073486328125,-0.17822265625,0.25927734375
26.089999900000002,0.025634765625,-0.19921875,0.261474609375
26.109999900000002,-0.06005859375,-0.2060546875,0.202392578125
26.1299999,-0.03125,-0.216064453125,0.048583984375
26.1499999,-0.03125,-0.216064453125,0.048583984375
26.1699999,-0.0869140625,-0.22119140625,-0.038330078125
